100
2 1
2 2
3 1
3 2
10 5
100 1
100 100
100 50
86 1
90 67
97 78
97 89
96 22
100 21
97 26
83 79
97 45
100 73
90 45
87 64
89 72
84 57
99 9
100 23
82 76
84 36
80 47
86 63
95 30
93 80
92 30
89 29
89 44
95 58
88 42
95 59
98 14
83 13
85 51
100 66
96 91
88 20
80 57
99 97
95 43
96 84
91 88
80 18
93 48
100 68
84 60
92 6
89 17
82 42
95 87
96 15
81 4
80 76
91 31
93 30
88 77
100 11
83 30
96 82
89 36
88 4
95 77
85 18
100 6
95 86
83 39
100 5
100 31
83 34
82 45
90 68
97 11
92 83
82 43
84 19
99 23
92 31
100 57
93 4
90 84
89 76
98 84
88 2
84 53
99 75
93 13
90 34
92 22
88 70
96 9
93 51
96 8
98 34
84 50
93 69
