100
1357924
2715848
4073772
5431696
6789620
8147544
9505468
10863392
12221316
13579240
14937164
16295088
17653012
19010936
20368860
21726784
23084708
24442632
25800556
27158480
28516404
29874328
31232252
32590176
33948100
35306024
36663948
38021872
39379796
40737720
42095644
43453568
44811492
46169416
47527340
48885264
50243188
51601112
52959036
54316960
55674884
57032808
58390732
59748656
61106580
62464504
63822428
65180352
66538276
67896200
69254124
70612048
71969972
73327896
74685820
76043744
77401668
78759592
80117516
81475440
82833364
84191288
85549212
86907136
88265060
89622984
90980908
92338832
93696756
95054680
96412604
97770528
99128452
100486376
101844300
103202224
104560148
105918072
107275996
108633920
109991844
111349768
112707692
114065616
115423540
116781464
118139388
119497312
120855236
122213160
123571084
124929008
126286932
127644856
129002780
130360704
131718628
133076552
134434476
135792400
