100
4
1332
4
9583
3
616
10
1029384756
100
0000000000000000000000000000000000000000000000000000000000000000000000000000000000000000000000000000
90
213204201350602436032260034400463441004516631346440550053331361625336355542201041044215021
90
777767767766777667666667777776767667676667666767766777676677666777777666777776766766666767
94
1762742053165277324254265215430011404620665305133063223411001116467427646521307244741436067612
92
37437894437996799928937468649354789232542332894957487243289269748854757585855826359297922686
96
443443443433433334343344344334433333433434433443444344333343443333433433444433343444333334434434
94
5999648267817825060199609801004721600346161775922919397721582747350391758770582095737028187859
98
67767667686668887788787868677887678687667786666866766788786787868788667777678878787668677868868688
93
344433444333444443344433343334343443433434433443433443434344443343444434443334443344444433344
91
2494787437408470178634548005981616965104222937291512035915779847057529916495895557039388795
5
19091
100
5237337452462644446325632525724254435744424644335663537245775257536445337232465255556565345454445734
92
84464583658949463669999479376589776646777995679854947475496487954775697965996586768335895863
3
011
97
4333446553454666455434335534435655435553535335465434444535446645566545635464456343556546456436436
93
032212111212232212000000200121202022021013031001231133003132002112130010112320101321131312230
100
5235245233545255332544324422435544433222242252435534554423435525432243322342554245434235322433224453
98
75446445757554466747446475547564774565545745747766747464544656447455546664546455464567545745467765
96
656644544546464564444544456454564554456644445655564554555645565465645544454545445554444564556645
99
313123223234222324112423422112213121342441413321114333222444241113223433413214333211213134321433313
96
333454335543343435555543544554534553333553555433435553335554355453533443444453355534555444444535
97
7666755666666556777566777556555557557657675665756556655757657766556667755556557755756655566665557
90
434344443433443434433443444344433343433333344444343444333443434434434333433344444343433334
92
53353554345533435453543553335444354445435434335345443455533335544555454443434334553545553333
2
01
96
777876868788888887786677687776877668666687778777887767786887888878888766886876668678777676866688
90
232322211312323122233212113123321123213211123122123332323232222313212111233232131321113132
90
466664445544446755746664556646746775674756747456664776545464556777747667444667546765674647
98
24632345366545526353245562532426444334552535456235236442246362233533323324223353266552352565635253
100
4234417783545626433451187984422767193371946727312337452882958556895612749693862449778627459464814897
91
2346432625323462652625253545654636566664446343635263344464263525265656556635456632532526425
92
32002414203034210122044002313312013013213434300442430314120034144203434404422411430101404001
97
4336585553533677373488336634765687467435466334644447773763875386468836733374733863645538655347386
91
6787676688786998986779666988789789967778677876799766998669979876877779788786866689989779778
91
0430032313200000410001023133310300002114341342342331230130121432003104240032442432331321230
100
9885567567859895997899877996558956868679988787569768677859868777858879898798986598788979788557557678
97
6767785786845587665568444587555476888777678875464777865745684656465578676588457665858758768875488
3
110
96
877888777787877878877878777778777787877787778788788778888878777777787888777777888878787787777878
100
9999999999999999999999999999999999999999999999999999999999999999999999999999999999999999999999999999
92
23113662407352467760664305023611146343700364241711070060220022102663757107120452144266101272
3
112
94
1233321313322122111132221313212333122332333233133311312322311312212222233222222233223313121211
99
212222212111111111211112111212211111221212222212122121221211222221121111222221111211222211111221121
95
99895246912682455654468337954447731738236682874389741522685139418924276933787254692554733596116
3
211
90
332222223333222322223232232233232222232323233332232233222333332223333333322222233322222332
95
88888889898998998898998988889988998889999989889988998998898888888889889899998989989998889998998
96
022010021222121000201012202220222110202021000200021111222201111211120121120202101111111111102111
93
454343445434453345444554543344334453534544533353554344544335553453344554444343443334455455345
94
6465664544565444456664656465556544565656566546564655664644565564456645554465544664454446654646
95
54334454334545545535533553434533354353434444433553543454553343335335534354533543553445343544435
2
00
15
222229888888811
97
4543545545344434455555554543545534445453354333443544345434434355344334553444554543345344343445534
2
10
95
69875794953545879898488453679474747355777558677785359458344789398866979635958439496594366783584
98
63656452452237634775336446523636673526364464727234423732226352537757422425473636346323633632266525
90
192705953028078747557373933815648515103087414531803642517097797315655580558038137667367095
90
512321140412002305230103554404213502005415522303304454443115054331502345414255431220343153
3
001
96
131221132113323111133213121221121112313113221331123123333121222113313223212311322331233322131311
100
4356517118468212854357277552729583547177364322392499482469921556366737944859894663627821782519336836
91
8877888877877877878887888777787888877877877788878777877787878777787787888877787787788787888
100
9885975975567988656555968698978699569775996697779568655877995885766999865868856585667876667786775776
97
5795592857265363479664755895547647426967429279452649833352423494893954452792847823555833826256746
98
33334443343343343334444444433443443444343334433443334434443334443443334334334434334434344443333433
95
98998999889999989988988898998988898899898989988888899998988888898988889989989989899998989999889
90
378637782114137596614431279993678557765653713578792239122412528525726699229133788216584799
100
5435255335434552525253333344334525232352242533432453525432545555453545435425423324323245522544453322
96
311221223113233331331221312333121211223232233221223222222313312323332223332111311331232131212311
100
0123456789012345678901234567890123456789012345678901234567890123456789012345678901234567890123456789
93
349342854959886368636498782234369954323576853353532365433332959247274744257584858838289432459
99
232323222323233232323333233323233322333333323232233333332332233333333332333333323322233323223222332
97
2741612572266765217452134271277364471572762451211655551143647552152744631566113463351655254263313
93
666545556566455555444556566656464466454445646556464545446654466665454565464646665564456445556
7
9000555
90
484797445963664735346667553855555339564638693573667756946476894664669864345866834683449373
98
54443555453344443433333354435455553455445333545335343434435453344545545343455443333543454334345353
100
0987654321098765432109876543210987654321098765432109876543210987654321098765432109876543210987654321
96
425204341153321550203153055134013410412424405323020134320024245400153331231015101042432451133151
91
6456445455554654455545645564544455655644555465444644555454566444655455644665546444466545664
96
235676554003454104271713370301015530027373433610260644203407665350712232033170554741751521704320
96
686546465788544476554558564677555866664565864557577556747668556664866644666658657475685777764585
99
777978787789788978989789977798888778979989999787879878889897777999988787979897999988898898999799797
98
14323341141131232221141222321434444213124144112332122223343133334214321234212142432243431424141322
95
20221120211100211110101201111201101120221020210212201110101220022100001120212011110102100202002
100
6757682835423283477467325824477848584635468234554423553383482527283232572873565552577266355782468547
92
77778888778777888878888878777787777878878778777877878878888787877877788787778777878777788777
94
5547776656755877488646487867444688668845584487857664776477465564688644684445586778657778585875
93
343442433243232433444423332222444243234433423433443232432334234433233333223224442334324342433
95
53433534454355443433545334453343555333534435554445455453354443543335443454445535434335454534554
96
662092575260917219668886938239440671687399462525349813366531699207076966790309873711197730240749
92
12101201122200201011001121001210001100022100101001112212002120000022000002012001210220100012
100
0000000000111111111122222222223333333333444444444444444444443333333333222222222211111111110000000000
100
3321399911491391658413857532836453324445685541179915348245165533953617697262194977816715241212323994
