253
18385
26561
24508
7141
2369
2855
14497
19038
25197
17569
2847
1363
1
11237
24667
23913
27577
22083
9561
27103
1917
5417
4081
12505
3565
385
26477
28643
9685
17165
17095
9861
881
13490
23515
17977
30851
9885
28603
11491
4455
16135
22986
503
17347
11275
4829
28705
19915
27989
22687
31684
3579
19561
13345
12745
4903
19201
10235
10077
21637
14079
19581
2671
8888
25773
21727
26299
31939
19069
19519
6289
23431
2864
29783
1957
7213
7201
17583
2575
4195
22057
19179
23425
18609
21271
24611
11458
619
29017
6208
19501
31626
1419
805
26176
421
21097
17821
10057
12811
14315
7483
6841
31978
15961
7909
16243
8881
23443
22007
7557
16975
14485
1733
5917
10794
17176
28301
8053
20827
31957
25031
12395
5995
525
6787
30189
23783
18775
5613
18731
1523
4393
4601
32653
23659
31029
9637
32177
1729
20575
19753
23623
787
3037
32281
9975
4635
10315
27751
1673
4737
19981
22999
16941
405
26897
12229
13603
15956
18715
24323
29171
6681
17287
31095
15249
11969
10999
14017
30079
11415
24445
20907
25139
13107
1021
8317
4861
7766
11004
7699
9751
28349
31327
9865
17939
19205
15655
3481
7361
32437
19081
21235
16155
145
16091
3341
18963
29965
19609
24793
23931
13044
17911
18803
25853
7135
9453
25965
26159
31055
29657
8701
11575
1418
12319
9037
26559
22923
32350
13390
28740
761
9757
19087
6179
10261
21191
6191
26887
32501
21787
14228
19525
20713
6235
17137
32083
15431
2845
12261
24563
20981
559
31371
19527
6871
1873
11461
3591
7585
