302
18393
22053
31485
8347
25945
9967
26217
2443
4561
28757
8551
28279
29964
28797
21260
707
24
18707
8211
11681
24847
22993
6959
19427
29145
30164
8821
10524
30817
18777
21827
22675
3410
4665
29671
13014
23755
23515
29105
16961
21931
22459
1
19726
13281
28553
23497
27211
10753
8089
12671
5230
30637
21773
17968
18955
22373
25873
29831
30476
26638
6940
7665
28841
7827
25863
14583
27859
26769
16513
29705
8907
4985
8167
22363
24267
3931
29689
31201
16207
22921
11365
14545
23812
4117
1095
29542
2153
9057
29031
24819
23895
25417
2991
3515
16187
9869
19969
26227
10555
31186
18654
1441
12340
7976
16257
24883
20971
12459
31591
23959
24013
22625
4499
30931
6375
23141
19417
5
22975
671
17867
30967
14641
32509
27471
25199
12389
30109
10277
7267
16085
29439
24513
29995
8943
16015
18174
28196
29370
11233
28402
17845
31921
20101
19787
8765
16283
14392
27097
14109
13139
32392
1711
19363
16573
15739
9427
20047
19831
4285
31409
13891
20911
3033
6340
8101
18958
16921
16385
955
13861
14245
13087
18925
19489
30587
30073
29215
31255
28189
16360
31857
7061
21845
22789
19241
13711
24857
32209
6202
3951
24373
15733
28871
11347
23783
9717
26317
28106
20277
5791
17075
29923
20963
10915
26419
16405
19867
24823
9133
315
2335
5077
28043
21511
30039
13454
531
31324
3799
10947
163
14320
19238
12415
21029
17585
9933
13083
23409
32381
14401
18765
15751
17687
26041
10141
16781
7388
3945
24985
14453
24553
18525
16827
27271
14464
23617
7285
14821
12383
18733
5131
8491
16799
5793
16825
14569
19421
26011
5013
1605
32278
18159
31491
22251
2125
17363
25111
5419
11377
32707
13618
4003
18574
18559
29299
11479
31815
5935
5966
957
4999
4837
12041
31915
9117
8349
32215
29715
15839
25309
24125
17727
32591
26209
3115
17257
6415
15819
17911
