6238
19699
24531
5425
21037
28951
21245
28797
5764
8293
1
27003
6161
5615
6013
24313
25685
11511
20050
2855
14437
28413
26065
22381
25393
4866
18838
17803
24346
27349
13589
28855
16579
20517
9755
11271
10729
6253
24703
16151
11427
21624
25549
6021
16873
15391
31143
5719
26057
14877
11569
26605
9235
9205
31481
32602
17095
17545
16834
189
10402
23663
571
9105
1989
31593
4603
16333
14283
9719
18226
11539
15211
19535
8541
6019
17107
3397
2711
2229
29275
5590
7675
15375
31133
30577
6195
10103
24889
17029
26839
17911
12277
21670
31399
3379
2965
2929
18139
14587
12341
25883
40
27127
11715
2275
20672
17317
22927
22556
17999
17395
18247
19165
15460
19525
16732
28419
23367
3691
29123
14257
19751
16747
21909
1513
23501
21785
22735
24893
1302
28085
11333
13427
15088
27105
26827
3993
12763
16927
31861
16565
20991
3387
11199
23461
22189
14967
15865
11901
15727
9617
3469
4541
18295
24521
15851
10208
29114
22969
23343
21971
25225
3685
19969
3673
2749
11191
19905
29373
29957
15603
403
4487
5889
3409
28276
31117
19776
22741
17069
28245
16819
28408
6801
18811
26877
11415
20537
8119
31651
11413
10063
5209
28377
31189
682
29133
26133
18501
1414
1555
7063
12877
29691
1245
27173
715
21115
10555
18199
29047
477
931
20497
25041
5357
13969
12631
26277
6313
5305
4527
6281
8727
15381
8519
3651
20069
15880
28601
13771
5335
3285
4939
4341
11960
25921
17159
22235
3429
28189
17143
2037
15547
20713
8509
9811
1224
21692
12433
20359
635
32499
3725
5997
14925
18799
9837
31309
11161
31795
4054
11309
14329
10623
12895
7887
6919
14005
26203
29436
4627
26767
20043
12855
31775
28835
18885
30995
2365
9291
3322
29683
4867
26173
31753
4195
6834
5132
23323
32532
24845
21295
16505
1171
22591
21038
8045
24687
32709
16170
29193
13603
10321
5105
14519
20695
2387
16651
1813
7276
25003
25531
28225
6913
8965
12233
18891
8555
29567
16723
9277
8767
12409
7269
23507
9031
16469
24663
4267
23942
9579
2374
22385
11785
5053
3239
16033
28087
19596
3775
10873
7987
11187
13971
15985
17617
6097
16465
31969
13847
20493
32431
12715
4337
22393
6022
17285
1573
20709
27109
13936
30886
21827
24277
3339
27511
15397
15661
18289
31777
28075
17251
14099
1163
22165
1437
31565
20059
26808
11749
8633
1081
1303
2527
24610
12097
14681
29215
4165
25629
25828
30571
23601
17977
27721
173
9103
3763
13069
2173
27987
1958
573
17137
4919
6232
30003
28489
6703
7594
3635
1690
5173
32237
20445
1342
793
8668
28627
18655
1605
21031
11992
16567
23971
7163
24087
15721
23257
20763
14739
27111
20039
2299
18781
21242
14321
28345
17767
1195
1099
28465
14089
28789
14945
31468
15953
9483
18237
25589
13383
31455
1425
9287
22711
8747
3192
26350
13621
30941
18343
13857
5813
14299
15925
26263
367
17437
14689
6619
15697
31929
1993
32733
11105
4989
13391
25265
21678
391
30593
3051
10403
12597
15513
8709
26835
22230
25855
27535
26077
23548
3359
24187
28957
29251
10287
1155
21687
21698
4727
9061
3521
4015
26675
10443
6769
31105
5077
5981
15297
24919
32074
28426
25199
28411
26354
1897
12957
10933
11830
20383
26947
28431
17985
10183
5983
17751
15809
24279
29137
20041
6589
13175
11125
9501
30657
4605
6559
24805
2753
26343
25606
29757
12225
14440
1167
1625
28699
32099
25821
16049
19963
12109
2945
13954
23995
5225
12493
21403
24854
30113
17749
26399
29903
14221
24505
26867
14707
9309
17809
27971
10469
26581
23207
5779
31747
17211
492
11563
9753
5783
13633
25297
30187
26089
24145
23399
19559
17583
10586
20410
723
11194
31197
10156
30473
14631
23949
19099
18993
15685
12357
32484
14979
10359
16951
9721
8896
8569
14317
9039
15841
14082
7723
13045
1789
30789
29395
32155
13461
24167
27077
13073
12937
19227
17383
5853
1797
1959
29343
23069
26707
19687
20473
20125
13957
25693
15797
19294
10663
7237
19637
2101
2719
5389
19407
6093
8338
2005
17067
28681
6555
30343
30553
31767
68
22971
25675
12707
6759
1919
32405
23941
26635
5099
16615
20303
17833
21379
14233
22695
32005
11467
27521
5633
15875
17245
17513
27413
509
6715
20110
16156
31107
1493
10405
23371
3109
11129
16733
11623
26161
18979
27139
9181
12703
21363
14401
29571
2607
5365
9737
25540
22303
3625
25431
27104
19871
18433
27571
22776
25009
26812
31365
27765
14101
12391
895
22748
26099
11917
16801
80
7729
26463
17454
6322
17689
20019
19743
4153
25841
16940
32391
25095
25753
30855
14773
7407
20435
23923
11771
6577
17491
3402
24901
11383
27777
25747
11803
26317
23062
12518
30889
23051
2428
1907
17685
25210
25819
32467
6463
1835
8059
15637
19330
30685
13221
19051
16749
3727
15415
15085
3769
7025
29617
14435
30735
18161
29161
30025
6099
31573
8159
25081
9951
23688
837
7395
8067
17115
30359
13003
13879
9367
24409
1553
27030
28741
13049
29359
9143
30155
24289
23225
30713
5581
31397
2517
30023
24547
19439
22313
8593
24073
20941
26521
9651
21757
20251
28792
22318
21886
22259
5840
21213
6286
9451
79
1043
2551
21001
21781
31187
1615
18693
22067
32665
32413
32143
5071
7957
15631
265
15223
28777
10205
27367
11000
32227
87
10385
5587
12430
28069
1465
4067
26865
20929
20787
9403
24485
3589
4953
27118
14671
16715
6583
11839
6445
5226
18771
6083
1187
11311
11776
11853
19225
12371
597
29335
6735
24439
24763
3267
30949
7871
13830
17314
207
29977
17413
28417
4465
1747
6499
19876
11561
20901
14281
30457
19927
20669
26656
7133
23053
24373
16593
6883
20859
12739
27327
7381
29357
1141
14119
24661
18565
26401
26090
12700
15343
2635
25091
8395
22119
13827
6454
9327
10891
20555
31453
22489
22229
25457
29269
23365
14946
21047
4817
13707
16099
31789
25501
18793
8203
23542
32633
5293
9293
23904
30637
4171
27847
28589
26443
15181
6737
20719
31959
2313
13447
4382
22663
2367
17737
15939
8033
13322
3803
8291
30515
11689
1051
19303
25273
16255
4789
6679
25153
13453
26938
5347
2685
20363
10375
713
22441
18790
28155
14049
8665
24341
21444
3011
21747
20503
19992
14547
7051
30511
21313
16309
8097
24001
9679
21961
30401
18642
13561
19087
13415
17128
22153
26421
12265
8599
32617
846
32312
19375
1203
17667
13203
10213
18517
17533
27655
31899
26098
25765
30001
30216
12529
16183
30313
23107
28199
12729
2764
16643
10913
27169
10879
14479
31577
4757
17375
4205
4213
2515
4797
25957
16543
31791
9113
20879
18897
13125
8257
13795
27281
15063
23929
17233
7141
9634
22705
10119
29699
30978
8079
10665
1741
841
9655
6260
29109
11653
15508
1161
19633
4303
25376
7719
14986
20839
31598
23875
9823
26590
14529
2052
13231
7647
18945
9111
22645
29419
29983
7433
30133
21226
22163
9745
495
20697
10127
17365
16681
18689
9045
17263
3941
10787
25723
14853
294
3579
27737
15301
5959
28348
10201
23984
4647
31693
19993
17497
30357
24301
28927
20123
23740
20197
16381
18481
31867
2023
18687
7827
17389
18197
31927
21955
1009
1891
32095
10973
10433
22567
4777
29765
31937
6875
26913
32011
30077
6523
28317
15192
31387
16119
22629
1606
30543
28717
1180
24127
4801
27007
26209
2832
23059
25774
26465
30643
1627
15911
28609
29647
17527
22087
31427
5439
12193
26416
18334
9059
31741
5353
25360
24697
1857
24271
11409
15455
31615
31879
29321
22015
24307
30367
29051
28679
5883
19855
11493
19069
9151
8122
14307
15785
3919
25299
12335
20491
27375
6181
22033
19231
21024
26710
22501
26301
15601
17187
888
19477
25526
17700
29333
501
15949
11416
23753
17246
9749
4874
11307
20308
24880
19473
8491
5319
10583
14749
17839
15793
15380
5515
16885
28449
1033
20944
13993
2255
19863
10629
20720
2735
25599
32077
2875
8093
6505
4551
22253
25065
2410
16289
22727
30339
13465
20200
23665
24285
11509
19717
21185
20861
24855
32513
3301
24895
8809
26547
6289
4633
17701
17758
23789
17605
14105
29887
24787
21547
12481
1011
31459
3969
12861
19363
11984
20379
1939
29253
15469
31809
22195
7525
21881
15221
32681
24055
6979
7663
6090
133
16899
13183
2917
24877
17588
20983
15681
23747
23063
13369
8870
20586
19071
6671
541
17845
9169
16473
1093
32047
649
19373
14447
29218
27119
14467
11059
7339
8271
30961
17693
26487
69
2891
21218
28365
20665
17111
19943
10319
19189
19765
22993
8691
14809
1831
20021
13505
31405
28297
12191
27883
12800
27175
15487
28657
9511
7495
2986
8027
9415
5549
4349
31295
16631
24607
8589
29873
6647
11485
63
12171
12247
8587
10207
13275
20767
3205
28309
3241
26511
4735
14179
15913
20725
3289
14557
10669
13729
14969
26023
23320
18319
2927
5753
1803
12661
23143
23590
16044
8339
3961
5155
7571
22782
16337
31702
25075
2021
20425
13105
23623
19909
27873
8646
4499
6457
6763
11491
17261
7195
25123
11453
13219
5657
14377
15377
19915
10751
7466
17593
7859
11325
18293
5545
607
6867
27559
17353
32612
11119
31033
9543
21619
11159
2575
2473
24356
5125
17367
16317
5473
21715
25011
3019
9178
8467
17347
28366
29153
28257
28963
9621
17393
27450
2893
11915
29781
18471
27851
26357
1021
20651
27233
23095
31129
8185
30085
18623
10545
28524
22487
29735
3151
29805
15127
23511
19601
16379
21193
21767
27164
3423
28625
3745
9917
6267
21205
14047
4771
9087
21647
30986
19313
5967
266
691
23465
16911
20633
10777
29398
26733
24567
32575
28386
3875
16608
5785
6835
23057
26929
7649
21959
25111
15453
7557
32257
28666
19831
27193
19540
30997
25684
9083
9567
6110
15883
263
13943
22618
19205
19501
11879
4653
19355
7505
16561
7465
26191
27953
31093
6943
6956
12905
7769
32365
14531
3501
23592
5893
14893
17529
17642
3711
6611
19769
23123
13139
3412
11684
4197
22447
14423
16945
13285
20183
10837
10883
12993
26194
15805
31705
30823
15475
17614
1375
10329
18919
17779
15007
22933
19255
4075
15743
9575
3223
11843
16127
26409
15597
13665
27652
10890
2969
29923
2321
3847
115
5712
4411
9439
14012
3369
18489
5895
13837
547
10634
13459
17011
10525
25447
11647
12121
27031
17072
17611
24193
10257
26427
10847
20297
5370
21657
16585
4995
31773
28783
15
22401
16177
26629
28063
22469
25845
2539
7415
27259
6661
32593
14657
91
25635
1059
2371
32113
27893
6797
22373
31327
14251
27789
16549
7925
27619
3930
26842
407
14277
1767
10461
9109
32209
31894
9259
29905
32443
13489
27985
15014
3845
30129
29566
5443
15082
18863
11111
16997
6717
884
30289
32505
23617
5059
10951
8192
18193
5161
12868
19369
8776
26231
20939
20227
32473
6415
7689
32707
11289
21557
28819
32119
12761
22997
14879
31549
15355
12783
32263
1806
8301
12345
30
18814
43
15821
29701
27527
7443
32125
23815
20372
25781
31195
18427
4795
20138
22147
32371
32033
12220
16877
13187
921
22589
7551
27484
26335
32399
25129
10399
3343
21534
11353
3709
10115
19653
16409
9791
32171
23335
24355
14077
10197
5032
1945
4765
15905
21071
6793
6163
25673
907
16173
32553
10407
5231
10561
19055
21445
26587
13543
23725
3373
19923
14194
13473
10691
21097
21863
73
28729
21315
28641
11536
3943
1966
20029
16369
1387
14938
14533
30273
28567
16331
1463
352
19155
6658
7105
29111
22125
32529
7964
5880
4481
18432
25021
1855
24816
5896
29396
25319
9041
19681
20423
18283
16243
3797
8821
8457
1666
251
2145
14781
337
8131
24481
15653
31621
4240
29413
3991
21763
21931
27340
13693
6879
30471
8279
22019
22075
13265
27603
213
5710
1921
30841
1815
8392
31111
31465
15787
24801
23851
26919
6421
18133
5107
22721
30826
32731
16835
17515
30919
9787
13987
17841
18166
1537
31933
19315
8671
29485
21717
31181
15049
15539
23185
1645
24317
32279
14713
4993
13902
30763
2794
799
28579
32041
26993
6593
8305
19597
28691
4486
7727
11321
5677
31451
20959
31951
19515
21377
4437
17881
28882
27133
27253
26239
19399
8229
19343
18502
32211
30727
20119
4565
4177
18231
29819
5247
11503
11896
25667
16629
23523
28435
3207
2556
12297
32247
2355
12091
28141
30031
4066
18263
20853
30223
3748
6295
14449
625
27397
14851
29021
21419
24442
425
27445
29211
15281
30769
20281
10869
24517
27043
15969
1018
9495
19413
17417
32557
21985
31817
31526
9999
4861
20128
29847
27667
1507
16147
28831
21835
17098
27322
20530
8953
7411
16192
12403
26177
23997
216
13999
28711
28114
21758
17034
24231
14917
27029
32191
15429
5419
23263
13773
20157
24612
8929
18337
30671
15979
21155
8479
15451
13451
25843
25027
22408
4571
6153
30591
19039
13739
30867
8181
24288
27155
16360
17241
13545
3031
19921
20317
10651
7843
751
7285
7291
21870
89
28159
12022
4837
4697
27943
857
12676
10961
19213
3936
15094
32255
22311
20532
31834
12590
28108
22687
20263
25849
16971
22525
5233
15235
24379
13663
30893
31723
19507
24949
29533
17467
8081
24795
4823
8385
3232
27151
31759
6263
19111
12349
11953
21841
6217
3489
12799
8355
20521
6203
2983
11143
27325
23969
10987
7383
5747
11935
23899
7455
24471
30415
13799
14897
10129
2461
9091
4271
259
18691
7072
3765
16291
19724
8137
29425
25617
11857
18265
22421
6723
26265
30649
7233
13813
23947
16759
9445
30871
2897
31413
4357
27061
3187
15099
28978
2680
9499
9463
21421
9799
12839
12975
30385
24122
30606
7459
30082
11165
20809
19203
10297
14861
28547
609
18895
19887
6729
21919
29287
4693
20337
4453
817
16757
6303
85
17627
19324
20101
9871
23587
8255
18091
30535
12843
31321
19585
27805
6349
18085
24553
18239
2693
20368
26935
2407
17221
28282
27758
8690
21925
3269
24421
22685
145
4583
17983
8889
30583
30885
27622
32429
3971
17065
26923
24139
13635
5977
7263
17811
22141
16219
28025
19726
22108
12527
32699
30019
16966
4151
25658
25391
2509
19615
13975
26461
22661
3295
31807
3754
12293
31643
1153
23599
9717
10591
17045
28006
28277
1369
19510
4479
12011
3778
32449
27983
24179
1229
4729
2555
18079
26751
29236
24334
6169
19148
17305
30217
4279
30565
32299
1087
24291
17717
3105
29497
15713
18310
16879
5623
10821
18157
7187
12691
30907
16985
23847
32385
21373
2779
6513
17915
1315
22433
4327
32509
16509
9681
8482
19351
6853
10427
13923
14869
25193
22807
14335
8419
12437
25409
10223
6795
21689
30877
15067
24715
21383
24159
25678
27091
30715
17923
22849
9539
18143
8029
18391
26473
2827
27426
13759
10109
32671
25179
30853
8105
8565
8531
17507
27685
26414
6851
17401
19437
18769
1111
6553
5801
6379
10543
8713
8011
18049
16855
12381
19447
23703
5911
5643
7057
28721
31918
4193
7831
20413
12949
26113
7127
29807
5379
199
18941
18785
7627
23481
29015
22409
24799
25499
28768
18901
4717
29517
6809
12511
24829
1213
12085
5019
25744
23773
10713
13217
9095
16501
1413
13174
26971
31194
25705
16017
15613
927
4971
15187
16023
750
9952
14752
6361
15097
26890
20739
17239
13030
17563
18736
365
289
29291
12133
21113
22517
29857
30819
6215
32277
18580
20467
12249
28507
31219
8527
14287
18341
9919
9055
29913
12181
27649
17364
23135
11272
16441
14271
1677
2949
11049
15607
25141
21979
4433
26353
5015
1279
24863
32683
5113
7192
32150
22558
9754
3751
17661
21965
6945
2191
22149
7750
31639
31649
3841
1885
2633
24275
4671
16675
2569
4379
3213
4169
3795
18982
2707
7883
13245
929
23091
8163
10264
27950
749
22759
797
16930
11391
20215
1933
25171
18453
8155
18451
9664
11809
26685
24399
9369
32727
187
805
13745
7513
17585
27067
19636
23
4879
13432
29709
26795
19917
28195
12372
7289
25715
24705
28213
19345
949
31356
27459
15463
16171
15989
24589
5791
7999
3805
31260
21339
3457
31192
14889
17125
7330
3315
256
449
29677
27124
8061
9233
25479
5259
8533
8787
30389
12815
24365
25429
28327
18817
14977
32701
5641
21691
3913
13797
15349
20899
6469
18629
13071
25169
20349
11449
8963
813
15433
31003
4987
5725
6091
32273
14891
27277
30055
15591
23531
13761
28696
1901
26137
26715
11156
26449
17479
14497
18271
2487
10536
103
14717
19939
1105
25897
24639
2245
31619
16153
8944
25485
19671
3466
10737
10303
19249
12031
2689
11875
4215
13829
2038
1733
28851
27282
1307
1801
26559
10513
17031
7227
17973
9877
26053
19801
1321
24427
29772
21616
5133
11341
9443
31905
7267
7075
7741
20947
17080
4073
15079
18089
21423
19123
18855
30756
11047
8921
784
30139
6395
15454
28803
10635
7449
4483
12309
2311
27163
7545
12781
8065
25637
17254
30445
24587
7412
29149
27984
17861
20989
23449
23467
5897
28774
8579
14811
19991
8219
431
29791
9049
15437
4619
27237
4261
26995
31464
729
24463
30441
31911
32002
19978
25170
5027
8622
29331
9727
10029
8945
18379
9175
3551
4059
17170
28735
23441
28051
9397
27673
10766
1177
2819
12545
2019
17791
14731
5962
27373
11603
8125
23315
13007
10387
14405
9081
17512
29131
1735
25619
5909
3219
4175
3365
22491
6115
2789
23405
30463
13163
11203
12457
12055
16123
21323
32323
13822
20893
9507
8586
31045
11389
30226
26686
10497
5651
14667
11805
4351
2581
27319
31840
18187
7963
18703
703
29908
1143
23529
8297
18177
2323
10819
14959
23019
25533
3879
7504
27573
2503
31297
14347
2437
2743
16503
3391
19777
11709
20683
27811
21380
11867
25445
6043
21679
20979
15895
27628
12793
10825
30709
4361
491
23737
3990
15435
29281
29185
32541
13533
5663
20679
22747
6841
19569
28587
16699
28229
3885
27705
4147
6885
27355
31871
4927
30307
28371
1589
26179
4033
30286
4601
24642
11009
7747
4885
5299
12841
7807
19297
30135
7173
13039
30353
517
17265
32079
21580
6721
5045
16263
7071
22929
4022
633
661
2281
9099
28969
17635
10563
7309
18491
7833
12581
22888
4003
25291
12137
2389
1924
22042
29093
18563
10480
19465
30697
20377
14542
31009
27887
4099
6373
30221
21845
4947
23279
29285
16672
5031
8265
26451
14282
16284
4550
8897
29761
12847
10489
12350
31525
21577
11057
15999
25131
1595
22128
27199
29893
13627
26378
24109
21483
18127
5065
17017
21643
28825
6579
9193
30927
13081
5863
12595
4952
30039
11923
31895
13933
29305
27481
29737
26949
9910
28077
2115
14074
13093
17785
10465
28311
12757
2057
6517
31507
17351
2947
4984
12358
16977
24595
24977
28039
17629
32479
155
32315
27115
25583
4313
29209
2133
16137
6
30043
9551
4909
14651
23409
26611
14425
19587
27441
31203
24711
26981
20905
9583
21837
12747
18080
28129
13585
5041
30304
27691
12711
26431
655
4821
12753
16639
9986
14539
31511
11719
23639
16591
19383
14234
17225
6757
3697
23499
24081
3523
3897
28023
23433
20323
25359
21553
681
19443
11501
30040
21265
21082
23337
14161
30317
31171
20353
19817
31732
12829
22534
32656
25355
18313
18460
28501
27525
32584
3112
345
29806
25211
13455
233
17039
21685
3043
5851
32173
31421
30931
26347
16269
4978
24637
26969
4081
15714
14363
28843
22877
32131
11659
3415
7393
14784
3729
16167
26785
8227
21263
21505
7401
28205
19640
24339
6727
1929
12157
15061
31987
6385
12814
25401
18553
6967
11479
6529
19865
4387
21815
32176
18826
12313
26101
19741
16529
10285
19015
29246
31087
2435
14863
31655
16155
10765
21565
18716
31977
31259
27039
18903
12049
16787
19378
12892
1268
26954
1691
15855
31994
18900
30013
10479
4355
28632
4135
18009
8191
7849
32515
7297
25450
9007
25741
28471
25477
18223
3819
24997
28007
27703
8603
13033
21974
5711
613
26851
26245
437
1657
2125
32267
6991
18574
16983
90
8947
17307
20654
18523
26221
14443
16429
22434
21455
11763
14649
5761
24433
22709
29341
31273
16511
10637
27841
28271
5097
20835
15937
19043
17441
19663
3597
29719
1403
16345
261
18665
12751
24727
20287
22989
18603
6937
14630
9751
32743
14461
31633
21639
30633
14379
20373
511
2854
14737
15193
21571
16507
6831
22360
223
7573
18779
8487
28145
28852
27837
29979
13673
1461
94
5023
4637
30251
15427
826
21697
6301
30631
6027
18217
21163
937
30589
9671
5213
30667
307
25309
17869
8311
17992
5773
9429
12907
4843
1013
29157
19391
8214
6157
21469
24563
10083
32111
12273
1024
13629
24585
16921
2967
16736
30451
7069
11941
23677
22815
6187
25433
4009
28368
21551
29189
28807
2904
21175
32071
23671
12459
9009
15997
22423
15760
19127
24820
28513
3975
31299
5047
24469
13
6681
25625
14666
26663
11937
2095
29147
14603
12379
9106
12463
10967
14431
32049
16887
22001
909
27523
28767
7613
15611
24852
23833
7983
23945
31357
19820
4943
32611
6547
11605
22605
12920
12375
14906
24771
9561
30595
19761
3479
22951
23215
5429
9549
3013
26845
17411
22151
7951
8365
20827
13441
25807
26999
17083
19825
21307
10314
2167
18301
20010
13407
18355
14995
195
25117
18445
17391
24465
4639
7891
13321
13537
13539
18652
14922
30681
7351
5123
18179
23739
28879
2491
9907
1269
22335
1756
26653
26232
29527
24751
20863
2959
26005
14465
25042
3209
15385
31765
24251
16595
14147
5503
10001
8933
7403
8441
31699
20804
30895
10335
6869
959
22353
7857
9425
331
28663
5011
23925
10813
23695
9569
19198
2941
12925
2599
11585
26737
10219
17041
5197
21799
25967
11433
15667
22960
7785
22813
1489
7209
5351
32437
26549
6487
23081
4911
29103
10907
29825
26682
15983
19678
9541
25337
14442
30813
23557
6847
12416
12899
32717
10929
6307
17726
3793
11169
17916
8553
29965
6771
13149
26261
22417
13679
10937
2845
13915
31124
11086
2227
19735
10916
25816
20529
2559
20463
29409
26833
31543
5221
2963
23397
9759
32195
20936
829
1101
27839
23749
30134
11323
7387
29767
20115
2757
32469
22889
13309
4419
20647
4917
11524
8697
19639
16227
26589
2479
17315
22999
3199
35
8113
11502
9601
617
18813
25810
1323
25089
11863
23801
22732
30328
8967
8845
26823
7250
23269
27879
24441
22801
2042
27583
25182
21724
17311
25405
20209
1207
13111
8777
17005
29087
7998
29121
23098
14535
32321
17471
15313
1441
31127
28669
22881
29443
28175
13681
27070
12228
14397
27187
15401
16399
881
5767
3303
15311
8211
22758
29839
9313
16693
925
8783
9973
27715
4401
27761
19861
10361
21208
29569
14239
13863
9697
31818
27629
13027
12971
26125
12779
1319
8261
30191
8483
20067
32512
11602
12429
15853
16321
11112
18027
25699
21655
24543
30411
11284
26289
19567
15675
14065
21997
27265
10625
25389
8009
31779
14083
22159
3139
20221
21603
24053
28693
16755
9817
25351
29792
26341
15605
6433
21397
3995
10409
733
11613
17971
13697
6789
27672
32027
19617
1383
15847
21442
28231
1049
5405
30478
16029
26087
3130
11117
24565
675
5755
1711
2588
20593
30219
5073
2674
20143
19449
13534
561
17921
31125
6657
5240
27391
853
20707
15137
9898
18057
14260
6107
2955
27541
11675
29351
16349
22363
30773
22201
19627
12571
1549
27774
18921
23767
21457
23953
24175
12145
5497
4897
11970
21268
29227
20391
7713
21650
11925
464
12139
24699
28320
15361
12535
32395
8601
20419
12641
31
24253
20065
18403
7722
1867
7879
14270
4274
13937
13843
32109
17205
21535
25981
10348
20657
6907
2803
8361
8887
11795
5029
10707
17775
17185
29427
3061
28367
17725
11553
14701
4219
16111
9423
26095
15151
9661
9301
19159
4561
21759
30977
6063
28285
81
7031
5563
23311
20476
4045
781
10417
6643
16040
7645
22753
21344
1777
10969
11575
25381
10199
17953
14485
26813
7775
2341
32001
23811
3757
11347
29935
32506
17866
17599
14554
5803
13220
6070
20187
7515
1632
29603
5488
17113
18803
29433
12127
5743
15763
9769
11731
24331
23584
4691
15571
7035
15497
19693
23351
10371
27863
3571
17089
27830
2545
11581
13403
18547
185
21049
3855
22213
27331
6997
28255
9932
15339
20761
12299
13201
7521
10846
30065
14999
28005
7907
20840
12607
16993
21595
3317
29499
20575
31183
8547
17659
1681
19090
26109
26803
2287
30767
6401
11873
24443
25761
20401
5609
23373
7669
4393
6963
27291
14765
5403
27775
5164
32475
17425
4091
19119
25936
18296
17793
3287
5085
27917
26662
30079
26937
31920
12355
1987
20967
28947
29859
5617
22903
13694
13897
25474
7959
11419
20403
14767
20335
1285
2488
27913
23363
2131
7717
22675
27388
20938
27779
13086
4451
30805
1653
13144
11036
31300
10491
27924
859
19385
22231
16106
24244
9121
14033
15366
16205
24916
12051
7240
23155
32179
17281
20283
25342
1228
25015
4750
25259
29355
17440
10419
14415
22651
16001
23419
14003
15001
15436
23415
21511
5526
1781
15874
22097
30644
21708
20421
10117
25285
4849
26295
1385
2761
24827
1297
16036
22775
32462
3925
16357
13735
8755
26159
32161
22315
23669
21862
30562
28383
2923
27767
7329
23281
5547
15617
2108
10341
19977
21771
21133
1635
31763
30157
30325
10944
23993
15175
13921
4767
2543
32453
5749
24527
9895
1357
8925
1417
10423
15962
27907
22021
24461
22867
21582
2445
7876
16075
8758
29233
5567
12015
12723
17763
21273
3145
22843
29535
3015
14403
20815
23193
27415
15481
32507
19517
8651
4397
5463
777
3643
1182
31697
29319
14059
26143
26093
27337
3927
31885
25066
21753
24435
487
8551
17461
32031
4877
31883
6160
11927
25927
27290
24905
6822
583
9215
9967
22637
1708
7992
32605
31257
2077
21375
12287
16287
31813
11053
28303
9227
14997
28672
17543
16447
14389
15511
2589
271
17895
17377
30327
13579
24817
5021
30291
26695
22011
20659
23227
27425
2890
24581
19807
3999
30913
27055
10783
19685
2901
17013
20385
29230
2029
5739
11269
15379
19753
15535
19635
343
25037
30777
4342
28634
16557
17888
23632
3125
19953
7260
27177
5257
19169
24137
15673
5595
2631
23670
28089
640
15881
23129
4207
4180
7015
27057
11929
29799
19003
31613
688
23219
31993
7917
5043
28333
3355
70
11743
11527
30575
22219
1103
12445
19163
6755
8545
30276
30641
22477
7585
30097
27085
31112
29347
23413
26541
20367
29415
16419
18455
6811
30205
21356
1575
17555
5371
10153
32198
253
30541
10175
31271
30979
16439
7967
13981
22439
1752
11089
18011
417
4955
28237
10981
685
31373
12286
23203
1695
22681
28942
21189
26504
23223
4768
5771
29469
31422
23087
3411
18877
15289
1173
4309
30175
6549
22823
16009
1053
11889
9643
26011
11573
26621
31983
31493
9695
2379
24343
15051
23416
23569
3121
30265
24430
27679
3987
4157
7981
13291
19299
1509
15291
27609
15169
16735
20906
14185
15569
12987
5421
14441
27283
25930
14699
2279
24013
5833
29755
16475
5380
32563
21235
18538
5055
31417
8679
24865
28537
8894
5067
3231
15241
12194
7375
25339
16942
3455
25559
17851
14395
29389
29515
22177
15529
28143
28185
19811
2900
23831
7648
15439
5177
21350
19859
17443
16358
20077
25603
18595
30443
1133
31727
9471
31889
26677
25771
30295
13361
24037
29929
5993
2727
15663
17703
7021
6451
14991
18171
16807
32242
27235
7629
12823
22757
11693
32725
16903
5437
10595
8449
30663
5087
18725
6409
363
3661
10942
29787
13067
3097
21500
2033
23197
29531
31051
6805
27753
16274
1415
23999
19867
7977
8539
18529
17967
23479
272
9589
6625
15161
23800
6259
13867
15715
32375
30915
11597
19531
11285
29684
1661
785
13053
16959
6159
27385
4443
20417
4011
119
4087
16003
27315
10396
24597
934
32317
31305
23347
22297
28751
11388
25731
1222
31542
7503
2181
16435
22415
29911
4895
481
5229
26651
26345
14245
17153
26881
7909
18643
5653
2137
26243
1320
20381
31141
8173
12773
31609
18276
5825
27621
18844
15113
18713
7225
5273
15139
24532
21463
1331
24823
31324
13043
3957
1675
26817
30613
16663
31075
5373
30587
8694
3325
14191
13481
25947
16939
10049
8016
9473
26338
20945
3945
31153
29993
22063
15955
13155
32623
24315
14337
22577
20897
28631
19493
15055
20237
27801
5605
24213
4525
21303
28763
1737
20089
25475
9985
25674
28193
16546
4969
6179
4345
3077
25725
29451
16781
19001
28336
32620
30075
10831
32185
28375
22783
17431
24664
23179
17988
18673
25887
6067
6222
22240
26241
26797
18162
13303
26287
22248
9941
29353
20643
439
5383
27239
16258
25503
29006
10526
8683
29827
6459
22083
11981
3791
29263
9915
28065
4129
14575
5455
946
11489
26965
11725
2627
6417
11821
23827
4741
10019
20341
15559
31079
6927
16771
12385
15317
22855
20715
875
23699
22369
25801
25416
12988
1947
75
5199
26189
12455
31913
20201
1225
28147
3533
9189
15832
20161
6233
29205
8415
27129
1623
26545
3749
10351
25677
31462
12697
25735
473
5659
1753
31315
4093
13433
25871
30181
21813
6031
11233
9537
8281
11845
24459
15773
29477
3865
8353
5393
13328
6250
20265
27112
25317
14623
1931
6742
5296
30088
19265
18835
16623
15493
9307
3902
97
32417
15771
29482
30640
24945
16193
13899
4235
21839
17256
15991
4747
18780
11287
14949
31255
17062
8857
25831
5407
14976
2143
20146
24871
31822
7759
28270
4549
2725
19695
9913
3364
13353
18051
10875
6127
26723
24767
23119
13846
31375
14053
27411
5235
10773
247
21396
21130
22357
30149
21760
9998
32644
14129
16833
11945
3844
18407
23709
9223
9667
22186
22609
17609
28583
8739
12041
27301
20207
26379
3439
7349
5527
8401
21948
9026
5621
15900
11319
3771
31151
28381
28477
20953
25069
26871
17201
25633
20475
12655
295
10011
20239
30851
17235
11326
25219
15319
21855
14605
11063
27613
4903
22953
847
20255
13891
6265
32677
27435
11245
1985
12865
6497
6337
9733
11691
15709
2701
29379
31695
7151
19840
29329
28531
2671
7699
2151
27635
19757
15595
21859
9935
16571
20619
883
4449
10195
19813
11085
6964
18792
14941
8675
29203
19750
5321
9709
20098
2699
10702
2557
11349
14295
19309
19474
2315
637
22562
24043
10181
16493
30140
31316
13513
7047
17149
13342
12384
17572
16621
16645
21889
20137
21769
30738
17133
12835
32702
29537
30183
12705
18577
28079
6087
301
32305
18757
17893
17849
29549
30775
3559
26551
1443
5597
13339
22653
7095
13439
31999
3967
25932
13377
2667
19747
6886
4852
2159
23284
21287
336
23249
451
7935
28745
29861
6051
1973
12241
3297
15625
25328
16713
21271
10807
2931
10639
23316
4423
15518
32409
29595
27693
5249
26857
24259
10377
11759
709
19609
3985
29481
28111
23071
4376
29541
5378
29453
26789
3227
5849
18559
5467
22717
15703
19081
21901
23797
7405
10495
32271
27791
17601
6009
1925
30770
22699
13335
10021
19427
12411
2209
23005
21617
27307
6857
10953
5788
994
20881
8264
4973
22633
30319
1469
12281
3733
25911
9889
8971
11376
7809
27646
31564
1619
23209
8473
11167
18235
17328
25105
5089
9995
24035
11317
13143
14973
15649
7431
20641
16909
12402
21493
21393
10677
22049
8650
29471
2017
4597
23657
17641
17699
7167
1786
14787
31849
18721
14121
12187
14235
19429
2043
11720
29184
25261
32713
7535
319
24701
3349
28207
8037
24979
11139
3761
12043
23829
18241
3136
7969
6235
32737
945
2813
21976
29317
6491
5481
11838
16207
21358
12771
24619
23015
31027
8743
28909
13885
15733
3395
19084
12745
29279
28027
14061
394
28765
22325
3951
30058
19273
18699
19455
16215
6519
1201
7093
11746
24875
17469
28252
23863
16719
30241
9200
25195
25175
20223
24117
27011
1811
7150
11478
22543
28985
16935
17989
29221
26639
11475
28479
7753
12682
28313
3903
19173
14807
19829
15133
9831
2801
21056
19229
17573
13524
2849
4283
4831
20150
17837
14551
10531
19362
19987
7965
1830
14293
769
7579
205
7123
5935
10900
28422
20260
24151
27117
26725
21304
16756
9139
30229
13289
21199
10263
26582
21065
16055
2197
15457
14761
7119
1329
30185
11797
17847
13393
19093
29337
16987
18518
29101
4333
10137
13605
2083
20483
28483
7388
9652
4475
28219
16415
22396
15212
8001
23881
29995
6199
22597
27515
7885
31367
29740
9211
30563
3853
14087
17135
16539
16810
27083
24493
12421
26167
22612
22885
12415
18667
287
3111
7693
18732
27079
6863
1003
4489
23837
16633
17093
32714
17889
10413
27945
21019
16525
25333
967
2014
27870
13801
6972
7005
9267
10999
19406
24153
26975
7255
14501
8666
10540
2825
3871
22615
29750
25825
10795
11852
8251
28581
9859
49
24085
19698
11918
16249
14241
12857
7781
32647
27339
19177
7829
18857
4111
29197
31945
9475
27769
24809
24093
16083
30326
15143
10111
19696
23631
26375
24068
2857
193
11890
6223
28071
9505
19186
19849
27665
8071
8363
4873
22654
26383
12393
24280
1145
803
32625
14493
31559
2372
241
12067
23979
27529
17917
20352
2785
20008
20527
16393
3877
5693
7211
22003
26013
32511
12706
25519
4117
4759
22252
14791
611
28993
21243
15164
9447
18388
19645
29763
23178
4304
11195
21569
20311
12337
22309
1701
21007
1873
26447
2185
18619
12591
3933
28511
30408
32635
18461
14167
22059
4720
10165
31225
32627
19549
11568
8737
22529
1280
19377
7864
17907
31519
2457
15089
7993
22454
8645
24535
7326
12466
23878
28995
14117
14063
1697
20997
18093
6646
24457
19513
18735
23407
32206
26889
11965
23049
10501
8007
5985
16201
31081
21877
15015
18439
1389
19783
12330
31531
16443
22419
22483
21706
24911
11595
24008
26527
117
21873
5692
18613
8977
17975
32555
21949
6082
27615
17972
27601
16160
6280
7855
25249
27017
15970
24061
14427
16763
30371
3730
24405
13675
22907
31261
11031
21712
28827
21277
11807
4227
27229
5203
32461
14473
26367
16027
9872
707
27934
12833
8745
12521
17257
7135
19951
11365
5539
11095
31555
31673
27147
18961
15823
32459
7605
9972
28591
7714
21481
15217
3337
31857
2797
7953
19342
22873
522
15417
2211
10261
25223
10975
29441
28859
21833
31441
29490
31971
14683
2390
17091
1421
4753
22397
26598
30965
25743
18830
21891
149
7772
19387
26887
6413
13435
11535
26373
15183
31877
10279
15683
17079
6659
11665
27699
25483
4291
18917
11052
16
13089
28781
18389
21443
22234
2090
15736
2991
19247
341
14113
14106
21570
10647
3367
10313
13699
16908
718
14695
25993
2213
21516
16013
12553
28009
24113
28623
29891
16109
8459
5929
22954
8859
25402
23305
2811
4685
8215
28267
8719
17199
32493
16474
24281
7510
16665
10435
18369
26585
28423
6701
16783
8461
19651
24929
32203
15967
2824
13645
10300
14789
24925
25714
28095
17524
11808
20855
26489
1075
7091
28779
11525
1337
8242
19435
8877
19837
11966
5751
30901
27019
23919
22275
20911
24745
3557
19
6061
13330
30700
15561
5507
32586
14471
12509
6837
14887
24091
31068
13637
18259
23491
1001
16642
12259
6219
12547
25995
19181
9739
31912
1567
3316
24445
13367
9312
12775
12465
10909
28425
11488
11769
16765
15866
18213
18130
20509
24325
30413
11497
25615
3037
18775
32651
31835
7615
18807
16195
16159
29953
28929
4083
6588
12419
12696
15801
7763
4407
9067
7073
19672
12997
31953
32287
19191
577
20437
23500
15867
23349
32703
17854
12099
25343
18331
4354
943
19705
15527
15003
10731
32344
12414
19839
32117
21811
3481
1010
5215
25231
643
27785
16741
4121
15869
32755
21119
8387
6364
14081
3923
17631
19005
12267
16858
23353
7731
15691
28149
20513
24501
29563
4649
28329
12996
9979
16872
8765
21385
25745
12805
32621
2738
15358
10723
24077
3959
25789
28633
5472
26671
20095
32133
27207
11521
24071
3997
5068
11920
16279
14326
19881
8749
22965
23221
31485
24265
21718
19322
25001
9043
18175
12513
7364
9771
2747
7290
3499
25255
26591
1193
30799
7561
523
21629
17531
23283
17470
1300
25107
6925
5431
9217
6474
27835
11587
23563
18745
5671
22697
28233
17078
11495
12431
27245
15305
10036
4578
20474
26251
5017
27121
2343
16453
21293
3931
1535
10779
5377
6057
12927
24235
24913
13357
25557
31527
4096
3385
13591
2663
21587
16795
29159
24351
15759
2975
31515
5317
27311
18153
22023
1693
23527
22267
2637
25165
7673
4521
22459
11399
17409
29119
469
28594
2065
24123
26790
21664
2317
19643
24514
32441
15640
1239
10857
4531
28243
22279
24309
26072
29069
1373
24499
3081
6527
25833
32423
28793
18977
21453
17173
24519
27689
24371
26601
17535
24849
3124
3265
31537
23090
1147
29753
10657
28597
27903
631
5030
21509
23458
31875
20032
8865
4728
16427
15277
21907
10619
1607
15421
11579
4127
19911
28363
30321
13235
22917
19325
9711
8031
30607
388
8189
11671
1603
15157
13031
18257
18010
14775
28179
7543
32147
28651
6073
12603
11727
30921
20459
28977
5569
10747
26641
9843
13279
5361
8407
30311
29239
505
9260
31163
17134
8233
24014
7474
19097
13153
20259
20001
25375
9547
30675
32741
5697
45
5789
26291
14721
3458
17277
29605
15142
6531
27025
28747
24507
31338
32297
1144
31137
8221
13297
30440
15403
10061
20261
23987
6953
697
26269
9637
11655
5536
2869
387
6205
12901
13269
29377
31489
17207
31021
4935
20701
1717
12555
11593
11299
3435
27793
14197
6959
20572
1327
6363
14766
7473
26293
31605
12346
26907
12525
24210
12965
28415
23954
23935
23275
9019
23907
32057
18408
3103
17818
26439
7861
25120
6893
22347
29065
1663
6773
5137
10841
10177
12
25040
30145
4891
9479
16635
17800
27217
10936
20869
9908
23891
2629
18532
27243
4343
11817
13099
4125
21311
26647
25054
25923
694
10363
24157
25645
7779
14267
22111
26625
4281
775
31541
10045
14905
30209
14878
31119
20485
15917
17127
23463
13705
8431
7591
21937
15371
871
32749
23446
6720
2049
24513
13191
25085
23013
30937
26218
13669
9195
24344
29773
23734
6507
16322
6343
2899
10408
22787
25663
7453
5167
2697
12569
25304
24263
20942
1531
26571
14843
17831
12910
27113
10027
27145
9070
327
12677
17059
28460
31382
31057
7489
3731
2989
28061
29529
31213
14670
31331
16603
26387
32629
30694
15660
7761
20671
14527
4293
6799
25959
3507
1039
745
21986
6319
27788
16514
6309
18255
15369
27524
6732
15295
32261
10939
19514
15456
32329
15825
8847
22941
30811
14678
23620
32521
3508
4681
22765
20845
12653
10556
7707
13695
3035
19798
31845
6209
5559
5631
11185
32141
2542
32347
4105
4173
10845
4523
11442
463
25827
16162
21722
22228
25975
20689
24577
19091
3917
17455
16377
31063
4055
7491
19195
3676
24713
19125
26041
15122
1301
2641
9943
16967
7873
22742
19659
12733
15503
30922
3970
8785
8983
18004
8717
29165
14591
8899
21838
15225
14687
8451
10571
3619
16319
9263
9300
29461
6849
8413
20153
15839
7065
16014
2263
23121
8275
20333
13117
2403
4366
24725
6331
31103
22666
31180
25535
30739
1015
