5329
9121
19087
16627
29752
24826
25705
18181
21145
19855
21525
25374
29977
13521
15275
27679
23084
26623
3628
31815
21931
2509
31113
1
13591
22181
14659
11131
10939
8165
22475
11677
6856
11989
11424
11920
18315
5021
232
2253
15487
15283
19135
26754
32401
1023
3393
29893
6721
20841
24187
12925
32731
11803
19651
31315
23721
14963
3094
17643
6436
23489
11423
7194
4079
20131
8297
25521
30587
3385
14703
27899
19647
22515
4258
6949
13895
17317
8043
3593
8355
9665
12743
5359
17547
16315
7525
13465
32631
19575
11221
4678
12306
749
1429
7683
29890
17995
3819
30689
28328
1399
2152
29623
2953
24913
16878
3997
9994
22373
126
1285
9651
28015
31258
15521
29643
27945
10621
14657
22381
4669
4357
17728
14857
19003
26891
27439
11707
1811
26917
3043
10315
26429
32513
10599
28690
19618
2179
10037
12879
945
9529
11713
1340
14263
5275
31713
31801
25333
6673
4279
20917
29131
23627
22399
25973
19162
19309
5135
28285
850
31447
10707
1199
22690
481
21751
3905
2536
16657
18203
20277
30783
8929
32179
24613
3287
8245
29699
27934
16047
28079
11863
31849
20271
26385
24149
4636
19569
12033
12928
13279
29227
18619
13691
1182
14149
5263
2187
26965
26819
29533
5312
11333
28037
19999
7473
195
18853
6151
23297
20349
10863
9827
24091
5611
20668
9335
11187
20829
3556
11695
20881
13173
13497
2859
24403
5917
13217
20911
3355
10369
15173
13185
24853
6011
22774
18697
19939
25845
6503
3173
5233
20151
17865
1307
13817
7163
18085
26551
9371
27103
6771
10409
15351
23503
20395
19555
6679
30910
19049
17605
25965
12469
8839
17215
12739
3869
8649
22973
14815
31381
12253
2863
21903
15563
4313
20377
4609
18403
7619
26305
1222
30154
17613
27617
10921
19498
6739
20203
29566
25021
27153
31165
1853
4635
20633
9261
5485
23641
11645
30511
7543
2873
9405
6653
16098
22549
11153
4324
22613
3001
28681
18109
22349
4229
10858
11320
3964
19439
31303
31499
9871
26859
14629
19558
29343
4495
18869
25818
5167
2353
7513
26327
1905
18432
11532
31207
532
19231
9325
3401
16477
19271
26783
29535
10213
31089
7273
13853
30301
23360
7777
16321
5385
13561
14494
29467
26343
15363
805
8967
11227
30037
19681
22201
7111
11821
16693
31177
29785
28492
20179
32039
1403
3171
29059
14089
18753
9379
24109
17767
8671
7659
26085
24418
14617
9927
1411
31255
10833
1701
17113
32041
19333
31779
11550
26695
815
20545
24905
15853
882
17257
16003
23925
15513
21309
19423
19253
15377
19093
23971
7657
32743
23155
9489
25291
3071
13935
32076
22183
22327
7741
9461
11063
18313
811
26737
17341
26557
20585
14791
23701
12513
15889
1621
12307
5704
26619
3361
12827
30259
9238
17785
7843
172
10585
2843
17887
8621
1835
12161
25407
145
8938
27541
16737
12927
31567
3923
12594
19033
5009
3334
2641
12005
13892
9697
15493
19217
6661
10935
1627
28955
23597
8381
17165
8878
3349
19971
3597
11088
12525
5179
9741
4021
26203
26807
30514
29848
14029
11824
11791
8491
26587
27487
29247
13207
29013
13047
12616
12835
12763
8971
16675
20139
4687
24373
11379
11573
30044
12433
16877
3481
19648
15199
27100
22943
11147
14157
26134
24928
31039
32518
27975
7121
7081
23845
4459
831
24583
13429
16832
267
27811
9607
14805
427
10602
4175
31251
5215
2667
24247
23109
28355
9941
28729
16973
14467
4709
18925
26823
8341
23821
16789
7984
31189
27763
5801
14579
16709
24321
25851
13795
12604
21673
2208
16602
14585
16327
31311
22081
4703
4497
11702
11931
8029
30507
8899
13135
3407
30985
16913
25625
3670
30277
24817
17455
22729
11862
29239
1363
18427
31783
7459
21193
363
30565
3335
15991
32032
28338
27451
15505
13057
29661
17000
24761
14041
1842
24535
2971
11651
25047
26995
27139
6233
32521
27393
25427
22407
13645
24223
25525
4827
23715
6301
21847
49
28903
4301
24163
31707
31363
1695
28153
11887
15391
3995
12045
12923
12643
18897
571
30205
15897
10099
26304
13535
30586
9480
24531
11815
13382
31927
30661
22841
10028
19001
9247
20213
26593
26529
1453
16435
29613
28632
9012
28631
5571
21832
5467
23107
9415
15364
4717
16066
28899
2125
18548
22721
30556
30085
27499
17911
14953
12547
23203
18597
12493
16172
27277
26287
27347
15879
23256
15745
25839
4453
9463
6109
19603
3391
8712
2887
26377
4151
12777
8219
21165
15157
15627
26893
15292
5815
20417
29475
12097
28141
18737
18859
15859
2473
9693
19477
16753
16837
18047
32471
31233
29113
2063
12085
7927
19759
25729
27505
23563
25024
26719
8035
26281
20014
14155
13081
8453
3877
7687
15495
1829
8681
1105
21097
21645
5439
31183
17815
15315
17833
11173
9904
21661
9631
4171
13909
23965
17789
2235
1433
23449
16613
4949
21091
8875
23655
23323
27235
17309
11311
12731
23695
20183
24174
26872
32269
3679
13789
10224
10753
29625
26469
10437
4159
10559
20353
20817
7361
10653
12109
29781
2941
25387
12715
13569
2855
19955
1681
3165
12577
22933
28783
7895
30187
29292
25593
1481
20879
29257
4027
28661
30385
24587
991
19516
29827
12843
3327
19525
10197
27723
17415
1387
14209
30463
22277
32143
20877
21095
24193
2308
31907
24281
8545
13605
30757
14531
24327
17527
31489
3892
4771
17419
7063
22369
29527
619
7399
24253
25096
20916
18349
5745
29559
25654
24511
24313
6475
11295
10963
32725
5119
10987
20953
11845
20839
3809
10257
30663
31639
1055
1500
14476
841
24739
24429
21638
7048
29641
2007
6231
10355
3373
17919
21355
12841
12049
23397
5303
25303
3205
13383
16801
5365
16247
21235
16947
1755
12079
8593
1336
11728
1089
409
26097
30712
30225
32643
20635
6907
2072
30699
19933
21437
13453
1475
19351
26197
24063
3647
28664
23309
17007
18263
32693
23479
21887
8155
19126
12475
13875
367
15053
30419
6719
18823
1345
12087
28591
2485
9612
21539
9127
15379
25675
21217
31305
6691
11640
12556
27361
24077
20237
28853
26899
25765
29375
6147
27553
549
18419
14647
15413
31571
21253
14797
10401
11431
30391
24105
13145
21358
20689
13339
6041
13469
20783
27039
6389
16989
24342
14225
27823
19132
26037
21951
16921
4731
12893
11247
30139
5311
4684
10644
15994
32577
7655
3089
13093
4945
14521
19749
18445
10035
11603
13243
28831
15183
11065
18211
584
23727
27733
20383
26371
18595
23053
3586
27101
10507
16537
3879
3229
31726
29100
10222
18277
24859
135
18339
9945
21439
6749
14173
2833
987
19213
26693
23209
6649
16079
6349
1483
16541
10411
3427
22627
4063
1081
29349
9699
7579
24213
25357
25993
5659
6666
4211
28435
23441
1525
18889
8845
29713
20101
31720
20065
12975
22015
27779
1573
29338
11884
14299
15085
19881
7788
6747
19717
14867
21927
17213
21901
8567
25541
9803
31133
28735
9481
8113
6079
12541
29421
10725
9953
28043
10493
3973
6957
27269
415
18009
29985
23979
25507
24729
24415
4913
6589
16183
17095
27859
7715
29015
11598
32135
25279
13225
29320
23167
4615
29882
17623
18175
3907
10189
22920
12127
15451
30895
11051
6115
7897
12889
30280
5287
5137
27841
10870
29877
9061
6823
3003
30103
29845
7644
31405
30383
23295
28087
24946
27385
31823
26545
31117
2543
26577
32069
12305
13051
18097
22702
21972
14407
10543
14161
13815
29725
20087
13945
17885
11667
5625
6409
6795
19139
32331
28323
30409
22021
16281
30211
5337
28359
7189
15920
14829
30735
3691
24199
10299
28585
12853
17074
4699
11521
29182
27751
10353
13169
18379
28475
29167
21485
17749
22185
5200
133
20769
17433
17705
27599
32263
24065
5543
3255
16917
14633
16795
29397
18049
10841
6007
9949
7745
6472
31547
19853
11575
9153
32542
27019
12013
27555
19349
1721
4951
19159
14907
30589
199
1423
13247
24451
7987
28088
16611
16725
6543
29005
22473
19577
10093
30417
26739
27597
13582
31477
13513
20485
4061
31431
23317
23805
12413
9022
32541
27259
3121
29011
388
3642
13387
14743
29331
4147
13191
18321
27741
2923
6469
23963
25501
11191
17193
13459
11809
23949
27507
27619
18989
2661
31845
32245
12223
6569
12961
30709
925
24103
26269
30706
6515
10101
28765
5665
2851
2115
20757
31
32387
24621
29296
11925
19153
18757
24477
9977
5132
5957
21753
29919
7545
8572
1795
32737
7711
3123
7747
20671
22687
28999
2609
2617
18721
9776
1129
21505
9444
2693
6535
4969
418
32755
11201
17395
29622
27577
13011
21003
29029
22975
24487
6039
20623
13111
27283
8986
12601
15137
8425
24472
11339
5405
11055
17899
22375
3703
27043
9355
31867
19257
7093
4740
2761
16914
11711
1671
16873
26049
18199
32635
14495
10973
8392
1254
939
28513
11665
24679
23811
15635
31597
15803
19665
2989
28253
32321
24871
20413
9615
587
2358
26683
28619
23762
28491
8323
9802
5115
10372
21823
4201
11571
16177
10537
11263
6487
10581
2715
151
2563
23983
8903
24813
545
26724
17065
22068
10309
3193
17335
20675
748
5593
556
213
2797
5789
11285
29303
30619
7663
17653
16255
3955
15796
31632
1933
25719
19499
29323
6379
14689
32073
8241
31851
22999
15502
30097
8265
9431
25179
6581
1579
14201
12481
12349
27937
4231
26489
27747
27703
21445
24885
5183
28477
7844
13295
887
24848
28731
9901
13559
23725
19287
1155
11321
6277
7309
13088
22573
28129
17679
6533
29404
13951
20951
11061
26513
5075
166
30173
27849
25687
23899
4907
11489
9133
21149
24283
32026
19383
25224
3087
28895
23807
18793
12321
11248
29058
16943
24467
19107
18631
3025
8881
17416
15865
915
28721
23269
4163
15608
24667
16743
28717
26217
27641
6335
178
15221
13195
11681
28667
23924
17979
22885
31931
7561
28679
7049
12901
28147
19069
26141
19643
30121
20897
7209
28337
24010
26041
15641
25779
8639
19312
5893
8735
17746
6485
24137
5885
18645
7909
5991
29642
21241
23059
14277
26123
14445
7867
25401
31740
12631
5681
11353
32713
32463
20039
31445
25465
5583
5473
15535
26259
7141
26399
16825
19035
21937
30471
15027
16215
5968
2349
31555
17373
16615
28384
16699
22213
3052
15594
28659
17824
23629
27983
4981
21043
9637
27454
15877
2861
26793
2523
30925
21867
4181
31969
3461
31987
11281
14023
8459
14443
22951
5358
24157
13039
4908
21113
4299
27824
16807
997
28267
9157
25537
32299
10606
30801
32537
13397
6365
21651
31028
30537
10851
1211
4277
22734
14719
14509
32065
7699
19163
19081
20753
4855
7348
21333
13845
18895
14005
15833
16845
4051
20281
25365
22273
19927
11963
27584
32371
14567
1697
32011
25953
5695
15427
7571
17575
14827
30812
16376
32295
1383
16303
24977
1015
29193
9451
14623
13563
26461
27411
9407
18883
26347
23851
27471
31507
30181
19397
22963
25429
20557
12993
23407
6821
18705
27353
30275
21631
1663
14085
4683
5281
3293
11383
2315
24315
24975
3795
6979
19261
4537
2889
6967
32275
24479
20389
11224
23017
4872
9007
9037
2621
17632
12385
19789
20871
25366
32113
11077
15643
21538
12524
30825
22309
28757
16556
2221
1939
11155
30621
6733
27205
17059
6541
27089
12603
31817
10176
31263
15289
25645
19143
21565
27525
13855
22477
25949
18125
598
32165
8590
12703
13925
5891
1116
21716
31015
1847
17461
32629
17759
6955
18955
32191
29589
5564
28291
3478
12107
24745
24544
28813
18497
18919
23116
26488
20371
8993
10171
25629
9049
202
12863
23379
27023
22437
2451
13227
8661
15033
30955
23911
17281
20119
13421
4759
23817
7427
27973
19757
29647
22719
4359
22961
6221
26483
21147
24411
29443
29089
3013
12985
7255
27131
15106
18929
22641
4685
15247
19273
24785
15193
15121
12773
19863
3133
30397
21615
7267
8023
1111
31219
3867
11599
30039
5530
15431
24191
13863
19981
23671
15923
17173
705
24759
14653
32535
13231
22922
15769
1501
7143
6523
4401
29355
2093
27325
4225
30665
20291
11245
14289
15836
2455
30787
6091
26407
18481
30527
32697
24968
20645
11357
15907
18262
17285
13601
29425
3613
15126
28669
14227
20825
31711
8785
19363
30209
16665
23035
25801
10051
6254
14110
32339
14285
32455
28235
14851
13460
12517
32397
3949
24469
23872
22191
6239
10837
25745
9076
758
16141
25927
10373
19210
24261
16881
28723
1999
1091
20083
31441
2988
87
32509
9961
26213
3265
1351
11971
21129
17377
5028
16995
1639
30239
29092
5829
23187
27757
12945
1061
103
2903
22579
173
18646
20937
1359
15235
5867
32235
14187
25315
6321
7169
16493
20407
26993
13351
7969
1660
14755
26463
28139
1831
29121
3451
27091
31201
18415
31187
20143
20947
9907
1253
7301
12854
26063
24551
22829
12239
21811
5701
11935
15223
21727
32396
14641
4341
22119
27607
22423
9374
29840
10604
28071
13555
20247
7792
12439
9240
20267
9271
31336
1366
25711
22017
8506
4595
32365
17319
18781
25883
26209
18285
4657
21649
22609
12421
29143
11621
9819
18406
2217
19201
11779
25162
10923
8817
4739
6113
13105
27079
21021
27181
22357
8455
30826
5221
24790
919
27171
18849
23236
26355
29979
26436
1384
2585
29746
31353
24039
11983
3987
20191
18553
19144
27571
9805
27532
5117
31913
3419
10765
32050
23889
21361
5731
7001
17275
23125
15645
1641
23329
26302
24779
22624
21955
19843
5653
2805
14845
3430
16771
12661
4096
18609
15979
12665
4441
30749
3617
24601
9453
24307
20341
24597
14353
23395
4103
9073
19125
1813
30717
621
13597
29731
15647
20497
20629
30625
12967
27307
6565
21801
13347
16275
16531
19291
6603
18395
13913
10685
13281
29587
25911
8299
23311
18441
1201
10783
28789
19197
605
9879
11075
18828
23139
7429
7057
11151
7444
6927
29899
4065
21478
20985
8543
20865
24081
7676
20601
13819
29611
17091
11965
13023
19446
3101
15997
11703
21475
28747
14527
8311
8359
31983
26655
15368
6337
5149
29235
26575
21609
28609
14251
865
7627
8797
1951
16189
4133
32003
21187
7041
32659
29163
6083
10345
13181
11897
10723
13461
31535
23173
30159
23223
5561
20761
22387
19549
12181
30038
9122
31835
12241
21041
26983
3544
22439
12727
2557
25599
7237
28244
30359
607
13489
5515
25222
10123
11205
10533
29866
13567
21597
32557
737
225
13519
3583
30261
28213
14661
30731
31623
17905
812
20541
9427
18571
32230
11449
9169
15957
25922
23117
10017
11330
31433
28575
22949
27739
17220
25322
6877
11701
18899
25137
19492
11389
32327
21551
20737
24715
24947
1177
26815
3235
19873
3109
10323
24865
26987
17579
793
11149
26599
23010
15189
19804
14811
11229
6235
21691
10729
16335
5308
16629
2243
11761
3852
16401
11233
27109
14911
7151
26303
15757
17683
5299
3919
19097
15079
29667
27697
24459
4765
27125
9887
25483
26913
7611
25681
8065
7767
28031
25857
30727
15181
4297
12971
5587
1171
26839
6625
28979
17413
18227
26431
23926
13761
30133
22947
21013
31945
18351
3067
22055
4963
18787
30459
8902
28882
18397
30475
26919
24933
25621
17389
18967
28891
4449
23869
8423
4702
5737
8743
31423
11773
9613
21329
6124
14391
18839
14233
32665
21219
24273
19531
13679
17807
16351
25609
29492
27477
14195
20275
8989
11047
31839
5437
24997
18507
9984
10150
2137
28753
10576
22323
4505
14713
14487
6612
29353
16017
5817
29271
12081
28249
382
21469
28939
27001
13393
4177
27559
16241
23615
9019
19593
28867
14259
26113
5059
21009
673
13873
646
10351
4979
17023
9551
15781
30563
17103
22353
30433
30367
22195
14995
10475
2677
21907
19913
23835
10102
3049
25583
24573
8530
18301
26565
25075
12799
2293
32239
27164
25457
18457
24967
26527
15100
24473
23325
31609
2091
30362
23367
13783
14515
7201
9875
21415
3106
22391
2623
23719
31075
10699
10789
13709
11593
9311
1381
29319
21106
27211
12451
30395
1161
14347
12592
7195
17401
9917
901
30305
2227
17398
22859
27025
27769
15227
27910
12949
3553
22747
23919
8761
18733
28243
30667
14594
28599
26185
18767
4825
23221
3184
24061
2021
8523
21592
18637
22027
8178
27609
31563
8158
9391
27715
2256
30561
7765
24142
3527
26734
31159
15931
4429
27117
11545
8669
1955
17261
9535
30669
32681
10635
2437
32579
13725
17159
25055
14253
19177
19771
5609
6633
1115
10225
20831
6605
32203
6275
14205
2443
2842
877
26994
121
3111
17383
271
2499
6457
15331
15107
11435
25575
20603
22599
733
30389
30407
14113
17011
10003
2197
28495
30437
20869
31222
7753
787
2673
12159
20512
18587
14685
26271
11891
13793
15285
23357
21257
30827
1477
1687
29743
14618
9959
9845
18319
18717
26299
22720
24955
5361
13667
25891
20351
6361
19739
31847
18282
14707
18555
28231
9209
16689
25085
16963
31227
2019
15355
517
28025
5769
19861
32019
13511
7735
7915
13689
1385
20529
15095
16843
16696
13369
25519
14337
6761
31807
10169
7371
5017
12151
17167
11234
26607
12145
26381
8149
16408
28847
18043
15689
13003
3921
11497
3893
9925
19821
19483
25489
27017
26481
10269
3831
19105
19457
8167
22103
15323
5935
16707
17027
20461
24241
7105
26875
6629
30035
5869
30169
8437
21994
18205
31011
4086
23689
13435
18303
31297
18337
26563
26883
24113
847
13099
7015
27789
17353
32356
8191
2759
16691
1327
21889
15433
8089
28741
10047
30195
25426
25597
10153
31647
9
29707
19711
1915
3091
24225
21862
30271
14899
28911
30207
24013
9499
22219
22085
13345
22595
18590
26769
23332
20164
2209
2681
16501
17303
11939
15628
16735
12357
18968
27901
22505
2471
5005
13589
3601
6987
20638
2387
20057
28923
11359
32053
26035
10731
10073
30285
29881
15565
24025
22852
27467
21841
20155
2921
14683
26579
19551
25865
24495
23273
19615
22619
13602
2569
9234
5821
23095
18360
23028
25363
31805
1801
13799
10631
28879
29695
25739
13034
25117
27321
7469
1457
16292
16723
19523
1169
26465
10503
20893
11945
11355
10927
6499
18118
7859
16343
27700
28795
2628
15847
14359
20593
19411
29215
24493
11185
26413
6479
14565
29161
14275
7109
17394
31287
30213
18973
1675
30596
15989
10157
27455
29038
16965
28909
26951
19541
31887
501
27649
31840
3283
16119
8239
10627
14003
10241
18433
29213
12449
1189
19327
29671
20551
22123
4679
7423
13585
9897
23883
2029
3329
7919
12289
1303
244
23315
14985
2257
29413
29569
8901
31573
6835
3139
2251
2789
3295
6529
5471
25649
4565
13633
6391
4719
16663
17345
27485
22051
26147
30287
12325
22735
21755
20279
10297
14761
2737
8911
9899
6323
25069
3673
27829
3509
9811
28587
27061
21229
8653
22383
18677
73
12369
24677
8399
12721
321
24123
31627
29191
11467
19475
32125
22135
13839
958
15167
4987
30829
18814
12271
25737
4120
5345
25760
7591
23849
23159
8422
8187
19227
2119
30952
19559
5125
21407
24463
27151
12041
20493
15973
21995
1775
14861
13885
8119
10125
24436
23973
16561
1944
4423
8157
14035
37
11
7993
32685
9847
16152
14296
1975
11911
2311
8254
24560
6247
24203
24128
4237
22435
6137
14740
21317
7573
19180
2413
31778
1658
11325
29839
13547
26975
7346
2014
23573
23375
5455
10521
10145
31799
22588
9595
8685
4627
3709
18821
17523
2537
12355
31735
17935
12123
9815
20023
28177
11443
27613
2083
8037
9168
29199
24855
20579
14771
16251
1549
29119
12354
29959
3577
3701
26971
29516
26467
13253
3993
1021
15361
8873
14317
9445
28501
4315
1293
983
19761
25411
100
28021
29466
14541
5623
16237
8825
19963
1465
3537
6843
10957
4845
2305
22139
11881
30751
14413
19303
17243
31950
6813
15445
9981
12691
21463
12955
869
3698
20339
9889
21216
25210
15233
799
16567
20031
1347
32691
23815
24553
3016
25809
28693
30087
24505
9820
27161
13161
23365
20669
12345
27783
22921
25415
1007
3946
32403
5617
652
17983
6631
16234
21658
5749
6429
4813
28357
16151
6727
31693
20483
21501
15829
32089
12115
4695
30268
6372
9541
31064
29703
8000
13696
5419
16679
2449
10423
29581
27379
17633
24319
18735
19699
2865
535
23497
15061
20803
4567
17782
16147
4473
30258
29815
5050
11648
14587
6709
15709
7967
6757
28217
12733
32647
2403
2298
19747
7757
9141
15241
28352
6223
8950
32133
26473
10429
5023
7771
18343
12701
10998
8296
9227
2656
32183
1909
4820
1146
28897
7207
19510
16067
26283
5607
15954
26977
23073
23785
25339
13183
5175
21209
29399
21775
2098
12805
2277
23735
1511
2463
32653
8791
17743
22662
30701
7693
6439
31453
26649
4701
2777
31225
1864
19544
643
3742
12479
1707
7341
25278
1693
2107
1260
562
5687
3589
16523
19285
27073
19211
463
22715
11611
11581
9861
18985
30335
12229
19156
4421
15327
32695
27957
3658
21115
19823
1489
12399
15700
29017
333
11181
6175
8542
20297
32277
13520
10065
25657
26005
29509
12509
28209
29871
22717
21343
25873
25261
17331
1495
19627
15143
9629
12871
22969
20469
2593
16633
20211
23605
1498
4143
3887
25205
23989
26617
2414
27220
4769
30415
117
14847
30828
3771
12343
25417
16865
11659
15437
8335
32287
27997
511
11956
16609
26227
21243
4999
3757
4742
7123
32451
13877
13395
26863
12635
24216
21983
9585
475
22993
14343
8521
20404
20581
15630
11623
17101
5041
19925
13245
23234
31333
22685
24805
30002
12829
28207
31930
26395
30230
11731
16455
21367
25733
28523
20613
4117
31093
11053
21893
23941
7669
16483
25267
15933
12641
26829
16312
7773
5209
25561
2073
20659
16941
28183
25000
24383
22820
11143
13447
32389
16250
18063
32699
16417
24257
28033
24589
29175
25121
1113
29619
23581
13530
9609
24757
12067
26419
25627
3699
27253
7786
12319
12277
18902
18871
9681
26017
17751
7549
28069
4927
11630
18877
23149
20986
11885
19115
25863
13143
3547
15895
29879
23833
13763
15982
22789
24043
4807
16543
24605
28187
10777
29755
19765
18121
18256
30460
31057
24657
31267
29107
27568
8581
32753
30493
7489
23737
18601
28201
19149
23001
3253
17959
3155
30631
12091
1987
30481
1507
12571
15763
32761
23249
16653
25193
18642
28837
9549
21623
17925
21283
23287
6061
16207
4955
30352
9484
21849
27955
13439
636
17025
15205
2935
8003
29485
18261
22930
6505
15001
29195
23014
5962
8935
28476
13013
24763
15475
22725
20977
9220
17597
11253
20641
5519
12316
19441
4909
13883
16603
8093
2916
6271
5985
14053
30317
16802
25317
16711
24673
30785
24683
1469
12061
32721
23213
13179
17823
12681
12859
14451
17912
8887
9283
9755
25118
28289
21605
7817
29677
7478
13653
7363
16767
21697
5062
4501
9625
18890
4550
24323
14193
3487
26658
1487
4757
12989
2635
2043
26851
1463
16375
12533
31309
8129
21277
5463
4649
30533
29147
11419
10357
12745
31504
30401
29529
22495
5992
31243
23545
6943
14026
5469
19343
4048
30961
24841
16331
25211
28929
16305
9979
9465
11429
24607
25579
10255
10239
30536
22623
29955
22790
32465
13639
29155
17194
1373
10001
12924
4711
16449
2579
11504
16563
15403
16496
7555
10744
2515
15263
4943
12401
10204
4382
5501
21601
7603
17391
31789
18635
25889
23461
26944
5497
20727
27967
2791
24095
26101
10109
4917
17099
16987
7685
1317
19937
25695
13717
21264
24019
8767
9307
3985
31645
8107
15766
22406
16171
18237
3725
5352
7039
27127
17225
22876
32446
3493
9641
21423
25573
26447
20773
14065
18917
9269
25679
25232
18173
20455
445
13021
15383
5169
15277
12964
21981
28265
15163
1435
17975
6205
9547
935
13721
26066
6043
21982
25249
15312
11899
29288
10667
13867
24374
23101
11869
23775
8333
24245
5809
10137
19299
31171
32473
28972
18091
25709
13969
8641
22050
22069
23442
4227
26173
25607
5461
23901
30636
27963
9398
30387
26857
16223
11135
21771
10813
25156
5575
6997
4045
24571
30775
12939
18751
24959
13129
26888
20321
4961
1331
20361
15581
1357
18077
32411
18668
17393
25874
6870
4432
32573
32593
12991
22603
25848
15967
28437
667
2095
22555
3103
16295
7171
24399
5941
8087
19465
3409
16669
4521
16283
14361
10132
2545
12673
26588
7547
30875
12729
26873
26569
12199
28121
31419
29365
2339
16385
3721
20451
31539
21735
6415
19993
16961
13291
32383
9943
25861
7266
4585
2323
12058
17153
941
15661
30499
20681
3835
13843
13357
21815
17459
4677
16951
27189
10177
4891
27118
22239
12169
14045
31045
8829
10823
32491
10487
7807
30412
14999
28415
14889
12393
25529
11249
2191
12245
28143
9437
17689
10428
30219
4562
9235
16985
19607
28975
28720
30399
20018
6149
26452
16817
31557
3107
22272
2831
4369
22447
8833
3291
17561
21409
23529
32616
25336
27605
14959
26945
15850
18907
6635
18292
5785
31129
9561
22845
8169
18784
29990
6951
23539
2483
17259
23731
5185
13747
2364
26446
23112
7277
7537
18213
19007
21949
24545
26427
19015
23277
12977
25577
25089
31173
31701
4939
1993
22810
13321
20726
26272
31116
15019
18715
9719
7597
20086
28162
29123
23519
18575
21595
4498
9193
20935
27951
7719
26081
15077
29030
26835
8443
31417
14956
24035
13441
4080
26907
28677
15259
10465
14573
28099
9145
22005
20785
8377
23444
10077
18157
15133
467
21481
26933
22689
4228
8047
10233
22813
22777
9079
30817
10333
9253
26353
25113
3697
1181
2521
29469
14043
24466
13681
15713
11362
18429
8982
1827
28525
6013
10880
12491
18062
24852
27637
27413
23947
30247
3723
22879
1589
18221
5572
10711
10405
15585
4605
25717
12757
17655
18373
19021
4129
21125
29555
22917
25129
7583
13100
222
4351
10399
18289
28263
29305
28569
5956
17615
7219
13677
24335
1214
17609
15722
31169
5163
18059
22023
15209
32167
18001
27905
691
31351
6887
3829
9655
29833
18817
13065
11099
26428
5513
17797
15683
4212
4844
24931
10118
3443
22153
23980
26389
26458
18231
14491
1594
23215
4915
8959
3083
30222
30315
12811
2701
25789
2551
10857
25447
27809
18421
28211
11743
2620
22775
20679
1888
26657
25587
9062
20053
28192
13765
9647
26398
5510
2651
8215
29091
25807
9223
15081
7139
3223
25425
13615
8085
23195
1441
23666
2891
28430
12031
14650
10238
27797
17595
9314
32322
28123
16729
2957
9365
9853
18593
18340
53
30457
26403
17991
20117
25159
11539
13491
14825
23083
31185
1127
25449
25923
9313
21585
4795
19432
8815
5591
10111
1219
15789
24652
4058
3766
24695
24083
12381
519
31301
20521
11177
14179
12621
16122
6909
17889
8221
13213
29547
6571
8145
29428
1625
3967
12625
24325
32742
10033
28493
22507
3531
2071
29594
2731
2925
12689
2059
12043
23197
27475
21381
5245
337
4688
20152
14971
21301
14203
19649
20223
20123
4113
10337
27750
5173
13437
10541
17904
25051
22649
31591
21163
1615
23683
5994
10771
1893
26659
2409
2498
30172
2316
1001
6859
14717
3661
29441
12019
13063
25381
7601
1446
3035
2741
20255
28111
28294
8148
23327
20707
27853
17169
5547
26843
22886
21223
21489
2995
17563
9109
2800
13684
25173
24431
7447
6935
32719
25673
10849
22106
6648
12907
14813
2858
2326
25793
4003
3745
15687
26137
29539
25756
411
7249
18647
1267
2199
11839
16971
11843
16666
18233
4329
29634
24058
26161
12071
29593
829
32310
29436
32580
6481
14545
24993
15373
21763
10115
29607
10478
20693
30308
12387
32177
2453
32170
14665
2041
6634
19977
20971
9229
17493
22501
13659
4783
18235
668
19345
26699
25841
24400
3201
12559
16833
25715
16492
29825
16277
29065
15195
14973
10457
24561
26727
19501
31723
5947
1865
32429
3643
30325
29073
21851
21687
17058
32121
7278
12627
10561
21493
9441
10633
15295
6283
18259
7225
18495
26725
17265
18820
18607
7600
26029
14171
24293
29157
19740
9273
9511
25328
16701
21599
22637
15463
8407
17877
9999
18511
21553
28489
14176
18653
22741
1907
14033
32689
14643
2869
18703
2605
13929
5166
20515
25825
20459
28543
3195
15265
28759
12471
22581
22207
8865
2738
32301
20599
17741
16306
25285
16621
26103
6244
23855
18543
2836
30094
493
4
4941
6669
7865
377
15395
10079
32353
31174
24591
7389
24603
781
6193
17049
22726
7971
12891
14162
21709
19591
27329
24575
6613
11955
4789
28459
28987
29683
29639
1715
11488
23088
26515
2401
7837
21388
8623
22807
7149
28237
25817
27685
7150
27355
4793
2986
20729
7375
18805
14793
27279
1840
7107
3369
32569
5963
21196
11479
14577
2054
24619
7335
221
31043
16551
14596
20524
11145
31991
4090
25301
32199
6728
26946
16641
655
32303
18475
15963
25423
27015
1255
32439
31067
21376
4723
15701
41
30201
7297
21779
28963
9644
13629
5329
29551
20059
23665
10629
7065
29315
2999
28393
441
9409
23531
25731
29325
15301
23434
29389
25955
9513
28915
11785
5959
11089
21948
9495
30485
30553
15101
22363
21913
12873
22539
2223
6199
22643
20815
10247
27071
3286
6791
9581
28146
12649
8635
4363
8923
19543
25335
20077
23263
6805
2474
5161
30366
7502
24115
19565
4519
2331
15017
5225
20586
7384
379
21749
19321
2371
11483
21655
11241
16903
31643
19619
18775
25219
24941
23138
13083
31973
1008
20075
10009
5431
11914
14485
6879
21997
993
11632
10159
2539
6067
25414
11199
21465
31021
30193
31517
3357
28189
9692
22483
349
24559
19831
27331
6474
22607
27099
5971
22533
21181
22231
24629
17203
1861
27489
4507
6900
30997
16908
19879
20029
11093
591
24973
21663
28517
21935
14215
24815
21515
25824
22167
26055
4849
24903
5065
26530
5073
16089
21328
25502
32421
23289
30127
19301
20167
16507
7115
17219
21633
21644
30427
11923
17691
17974
15245
9849
6403
19041
31427
20531
2871
25951
20047
22065
21205
5668
16257
9213
28777
18910
18583
28449
6889
10471
20725
9854
3302
833
5202
15825
6682
15573
16071
1571
18129
27721
23015
16231
22825
4633
14977
20109
24701
25515
1221
29383
15964
13086
8347
12313
17677
35
16219
14335
20767
4956
9765
27070
17554
5638
30991
671
17363
19011
29615
21679
11487
10283
22865
6253
16909
10242
30376
29635
5725
25331
13581
1413
29203
32453
3707
8980
20597
23025
1559
17475
4536
26083
9976
1519
24787
26325
26812
24725
18891
24927
11092
17151
347
27137
31385
4950
12813
23572
16519
28811
29851
7787
25277
21005
8756
29829
25796
17673
10131
20573
2733
20665
28083
30223
16933
7003
9354
28191
6019
13384
18577
30677
421
1597
26827
11909
11197
25693
15639
2143
31951
14943
31777
8821
7051
5291
10425
21419
13669
26462
32461
43
3343
424
23767
18279
4773
763
23351
28533
28395
487
22873
12473
6262
6566
30020
4535
30368
30235
1793
17271
26361
11033
6601
889
8734
3271
5914
22791
26801
14181
11171
31617
22989
9055
17985
2804
11505
32433
11737
21864
10825
13340
1855
28109
27909
30607
10885
19767
27812
18797
11615
21383
19617
14406
241
28103
816
23465
2575
8954
8247
28387
2591
19195
31699
31462
29497
1471
18317
31825
30462
25981
13153
22645
28035
23342
4309
8501
17599
6001
19923
31199
16441
27335
28932
24443
5111
14803
30685
7933
4333
3333
14843
30081
7161
20095
20081
20299
30137
25443
26711
2445
3737
25195
24635
7712
17857
24609
29715
28791
23609
21473
10669
28105
17254
3823
6861
22831
11001
9203
6883
5395
7391
22438
31459
15115
703
21453
10151
9301
3663
31821
22463
5133
22033
15499
22954
3963
26511
31889
10227
19733
21587
9563
16489
7521
13939
17302
16159
7621
11231
25783
4989
5443
13137
23459
31959
4797
5487
32311
18875
17866
17621
15333
30466
24663
9733
11215
20245
995
31161
29657
27522
24649
3941
21267
17491
21670
10689
7337
5729
10947
21412
4251
21579
14243
16929
10619
20495
2383
6517
18769
10217
32101
4831
25881
5863
19179
25461
16273
10719
30093
25518
6580
10871
4863
10367
10468
25655
6395
30907
24099
8680
32467
8379
31195
18023
25699
16069
6173
6769
2155
11011
20507
14265
18075
3073
20887
4693
807
21461
3619
26194
19189
30350
188
14853
6567
21274
23119
15703
30913
8691
27671
7799
6249
3231
6159
6217
1664
10495
6367
15779
30477
25907
19527
30591
15471
7351
16259
21447
19687
27375
13672
30671
31561
18663
22937
8317
7186
31785
23399
10625
31473
32159
4901
21535
24743
3179
13931
26471
30167
16781
14218
1420
2597
9421
9317
3459
21621
5563
4543
22795
10649
81
27009
8461
31897
25971
23431
11015
19827
13957
24421
17582
28743
29401
5595
14909
18998
5355
18179
11486
25843
443
18623
26818
31971
8403
13085
25559
16897
8857
9331
7961
24586
26043
1207
22311
2089
29883
26144
28431
6211
7072
24983
17047
16075
21303
11929
30379
24197
28927
5643
22897
29173
4210
785
589
23282
16975
8674
30850
9747
26589
2513
1339
24285
11995
10513
27271
29887
23165
12133
15169
22287
25915
31552
1447
7152
21541
23345
7705
301
23707
14151
20067
11527
32313
20482
23343
6557
21549
709
4387
20477
22003
27169
25015
20731
25869
22787
961
2637
32119
21171
21556
11432
5131
27633
7487
17923
20157
4463
26491
1645
31299
22093
23985
29627
7689
27691
9599
4663
20005
9559
2998
3479
9857
19675
32319
26789
26519
15211
10415
22019
18894
11277
15037
19111
27085
8117
4375
2743
12579
11551
2441
20955
15203
17293
30517
14329
14915
16581
20883
25912
22105
2807
13902
23875
17791
18585
5707
6971
2395
25191
9091
