8000
12736
195681
97094
141793
69513
175861
172872
96361
96001
109166
49504
29173
147054
51124
190681
4400
41132
179886
106522
172677
66309
25329
22862
94022
127365
64342
13143
28097
24145
89104
196006
106217
188617
162882
143365
44817
156630
125527
83447
148165
103361
27164
92316
190510
119090
37798
165254
23750
46385
128320
69070
55242
53257
56663
1833
27230
154623
152037
198555
108820
16576
88348
105401
105410
114052
64185
90076
150455
35668
8569
20301
32282
39124
80686
124667
43434
122068
174877
196907
22163
27689
97631
5508
186308
40071
58379
150042
131117
180154
32088
193087
85572
131073
38530
47174
111153
164968
3036
148608
48390
49709
187471
111650
112183
163302
186304
1135
79633
53974
22802
22733
183618
6868
33107
62119
62020
175719
91774
170436
191497
135813
119608
31679
4465
178757
54737
38345
138876
138092
120850
158231
39079
186973
74088
151305
148337
19177
32158
187573
74768
2496
152379
91875
142921
7189
64773
94597
14009
68557
104283
36666
155070
123084
4670
109504
141128
182929
10329
1176
157932
93698
174019
42119
117648
50275
198036
78170
76646
12920
21495
14186
174311
186551
77345
158272
33062
127529
4038
193649
71676
2906
78857
1
33167
181771
126253
30505
90318
11707
75539
90432
36811
181614
175023
101953
149004
198969
13919
98510
199253
22444
198623
23217
28924
16242
74408
99081
139681
171484
199534
12929
22209
29085
192767
93794
103046
116707
111702
158551
14328
139851
69996
195951
51443
179386
38403
120695
166562
194202
2317
89166
180531
161417
48237
2117
92060
36616
60515
48642
52981
116011
54404
147922
1052
128995
98623
10865
89165
96328
113608
120949
42033
110546
94391
59082
9184
54157
118306
98411
68086
31307
39139
108929
50862
177013
131713
126098
139633
65670
160178
108375
44673
14980
57804
94626
105167
130285
19905
20742
164594
145386
170665
118522
181897
118447
57140
98891
37545
156859
23
90320
79867
71457
103567
103635
74707
151270
173341
155933
39051
32683
138265
57923
175964
58012
22393
63153
147345
29606
94709
1748
10946
66515
93149
58362
80513
73514
174566
190695
169975
179181
164753
83064
85298
16461
17551
198911
128749
43950
123240
88973
49938
99748
108554
139645
183350
127890
157868
158434
187693
170297
4818
192015
164681
152043
19821
48773
99460
36449
53713
165430
125159
69350
61189
14291
32334
161998
52271
199648
31492
130794
16734
135301
170945
68719
158239
20274
193410
5948
6361
122488
25695
3381
116811
152571
128941
82545
186411
79287
75704
146725
105487
142418
50523
82519
155205
61766
161035
122614
56023
191374
177682
146434
167601
92996
174293
187950
10604
59078
69031
50545
177865
48243
40177
166645
180048
118365
197382
15080
96766
78019
130007
133146
13031
150530
72781
63412
168921
12635
183641
11398
162546
138704
119735
95724
16802
140664
83478
154963
190485
106280
119859
186757
97158
63228
104131
67726
90143
175356
187121
45695
47420
41306
97058
4094
70189
125971
148581
74081
96986
156011
158241
190678
196961
158788
120151
18059
94903
149830
141316
118202
191486
129917
18719
190530
111171
132414
58050
12874
1221
168206
74289
168230
128004
83434
133923
165824
107047
104950
103529
152332
131215
158091
28969
12248
121335
46611
24968
47805
169151
194342
41412
21270
136699
134047
135686
96614
68863
156222
25988
168937
163711
182722
145177
109426
38067
126042
91038
101272
179270
42987
176726
49342
146932
31902
62469
102966
173640
74363
163616
17461
125965
22720
142405
50628
45019
74123
141198
156508
116854
178464
66823
96354
113282
121280
157615
158599
3147
58883
111195
172969
87646
23767
12598
174361
37433
130714
199115
40789
140170
11366
189553
97788
32037
184657
2354
30081
98783
158954
112193
116041
15444
175116
186102
104945
28107
117165
129964
182727
65504
192685
54873
16195
107719
132497
133273
97114
150481
97226
144836
144376
31022
44802
155324
60670
181309
111474
7385
9129
128437
115953
191977
60326
65605
36555
149100
39091
11739
24112
180175
199865
188966
100583
76591
126997
45517
59733
153356
18384
144415
171408
66404
56609
105949
20912
53825
59388
70826
48666
23031
107004
158326
26497
77550
49665
77027
152668
29674
109648
70561
175288
165164
143122
68034
84032
37477
163756
43616
7433
192730
169298
146747
118343
27550
1081
122049
112872
13224
181644
62956
75776
89324
21515
121610
37334
99602
13899
168820
25442
5688
161345
198884
93598
96927
83367
172854
30386
180363
120421
84899
122134
144425
42606
62573
134712
102395
23266
12703
34052
20264
9773
49241
93205
183183
96678
85331
174993
64782
128001
18648
120977
46589
178324
193872
191455
79262
163139
97622
147925
118035
173391
49129
120284
178842
81981
156503
17866
108069
151510
175614
11563
131903
122333
142008
174541
173570
27833
33826
191421
193178
63193
65614
58021
41110
122190
20935
8326
156150
4549
86206
172289
89371
88295
43043
93225
114782
152155
113965
199412
8280
63955
62941
7717
190125
155790
128689
48507
146983
91783
154580
4418
105166
76547
44752
111761
117029
107427
23661
124916
19596
30341
157457
70995
1765
84906
123428
57425
10193
111621
19518
14675
15868
120633
2935
178278
104343
91201
187836
130578
115431
5826
178488
78519
125187
196728
96985
71689
14250
150228
122753
77301
129293
178409
62955
35828
33890
2966
130072
81277
62380
142506
197334
8284
122175
65537
26871
188370
199720
53776
61746
188868
175380
47287
72221
161405
170205
145708
52361
4876
112137
127379
114008
180998
36028
102785
81635
114858
168940
6658
171096
54961
47317
7305
31441
52443
11361
100231
27876
174973
9552
33375
127281
116529
25775
172360
142561
58143
53228
90038
172897
29842
57722
123082
56162
66601
176364
89476
102073
40481
149608
150572
132916
67336
164389
131929
197661
75425
68291
196421
39234
172673
141014
122668
32773
133232
165780
42825
78464
63123
190282
2131
79370
158550
120549
173526
137554
192924
162209
75760
116966
31875
127913
80656
3151
152837
107736
6897
147596
66340
90299
375
65880
166242
194828
101724
102244
194408
49784
122725
23586
132078
68558
101654
97740
145912
127832
141178
65291
128884
18273
147534
66679
90412
152331
139224
171718
32353
160522
183220
58581
45540
60543
91146
195647
93533
22065
15644
79666
106688
85807
51820
18492
9068
53641
177960
166505
104406
162832
90127
48997
29108
53181
97583
26438
137820
126460
193182
32328
47772
199226
65454
175120
56086
95905
2442
171502
196955
137915
185830
136501
94705
168304
32259
179268
28818
81874
106878
33485
100426
121346
25875
16862
150482
63961
61492
83592
169332
127695
105203
142583
97308
138522
129618
21321
146988
33509
56133
162181
130515
19082
175917
166094
105432
167943
36003
79351
110803
151064
45422
181169
81775
63166
146431
41346
193
20969
13091
175796
176263
15169
175074
22066
113682
104734
75564
165793
198537
20964
91508
183623
127174
76635
176216
87553
63744
119504
148609
85794
166209
5496
113044
164165
97799
77031
84735
133062
151849
169353
92118
35793
180762
19527
142540
19623
95646
6011
142455
111152
63612
182252
4612
60501
50809
191448
80600
67563
94051
165496
78017
180493
182842
64363
167506
36882
162864
195030
62081
47818
84841
9092
166906
152859
103645
14465
10613
17661
55543
93416
85157
125862
143481
82567
35756
151150
26337
1528
179995
158618
100885
86676
104859
189572
34114
27306
53050
71614
198500
69362
131067
154053
3163
12150
154876
148292
7311
177057
85911
101664
184194
154170
34709
38879
55247
81546
46315
33183
40722
102422
25621
29238
163360
59688
179697
153094
27599
191082
59503
170142
122820
156662
68433
96465
11901
100424
126674
30337
23694
56883
20909
42813
94971
191985
42633
156883
23434
79761
195724
187602
111907
18471
149962
74652
129462
90444
36798
102187
56939
40213
51402
160011
5532
112461
167980
123589
146135
91861
56322
185814
43452
37162
178170
148798
61860
97932
39445
178073
47971
83789
128284
161674
49117
27552
14170
17029
63883
99086
52673
8070
147338
31952
122208
26579
21469
48978
147857
198090
41852
42329
46967
6511
84607
82097
174919
173726
198918
61320
96887
72596
168267
28529
144062
111759
112450
149378
197970
63387
55486
133221
35338
136676
70858
11972
199256
185719
128115
82990
36889
109873
73265
38767
159334
40513
107688
64154
176131
98489
131728
173226
21681
199419
99241
122075
26626
82015
32330
153101
19253
130627
84043
150783
197447
83621
34753
65755
175844
28273
50760
49612
124786
141147
5857
38341
179039
88507
143981
22238
136304
197926
65376
153097
160216
95414
107323
22804
138237
32916
102790
67249
188823
6632
137262
124493
76932
71650
93403
148505
166879
143675
68916
105253
126360
130222
186663
187012
22137
142002
96008
34906
25304
100339
11464
70878
144296
190145
24067
67155
51108
11375
86517
44441
36331
69001
35641
26217
61297
56862
198293
54029
102572
47659
84741
196683
14749
78423
2933
129519
192411
149508
1030
157190
143581
47786
157308
79145
19605
138817
24301
91772
41275
23805
68685
172961
12346
155793
179258
57696
165202
185831
107298
26930
110911
106105
165095
113281
145678
84273
3503
91313
21401
96539
28936
173409
50355
148444
115702
16230
190883
73382
84401
148501
191026
13380
94502
9686
78083
72966
125581
20602
82902
77341
138811
73823
169932
134793
14445
122177
166083
161223
199814
37370
68320
118181
111182
194673
77164
149733
101927
38412
50541
23925
88262
61921
27589
185888
100701
158443
100741
101642
181912
199556
78659
116654
177983
171647
47922
64081
134220
79238
32402
174985
19402
149233
76133
118002
161887
99882
109012
64706
117478
5451
104845
173662
148012
64189
11082
55528
174484
1111
98002
114545
173161
37581
42322
158521
74249
3679
61909
56029
58900
11743
138714
17602
149652
60235
8933
170318
14149
44250
49542
37396
141614
29994
165776
17617
39513
158578
66724
161551
18314
6951
156143
1845
60989
195418
84728
143448
13226
6333
116100
120804
89895
179515
10661
28045
23876
160381
588
8896
185891
31340
11043
160479
3042
152627
44625
179370
48672
92253
135906
42138
180929
22783
30245
32968
97197
45355
113671
191616
20392
44057
155923
153766
189107
54548
127195
187310
195801
172936
9233
107370
156673
101395
168829
73936
79023
118377
58761
145523
69842
66991
52747
13701
83908
121837
110273
47262
177301
105626
43476
51600
99991
90497
151447
125999
73263
119560
151345
79245
135277
25538
189891
197549
93969
125171
131512
197927
11811
163622
92405
193311
92847
109370
39935
66862
94190
2126
96453
52501
90993
150320
176266
175012
93926
97218
145176
28283
106349
10903
151713
185506
26762
170786
161292
139776
31166
126363
59618
36612
35844
59149
156046
179764
52909
57982
176651
142201
41096
15688
54421
28509
62724
84951
81481
174872
125124
135647
93943
40623
111713
51599
96792
15445
18363
180483
17254
41269
96382
73452
174462
197918
169155
80568
142803
32271
147781
130804
170473
151691
22976
121564
84708
169404
144840
22703
180644
86467
79467
116612
152552
125877
89491
159827
189779
5831
187301
85607
77960
43388
74841
27740
189048
30073
91344
70301
83652
191160
17935
70285
101002
111270
140273
30989
61075
65883
161604
198568
77304
175346
165235
164247
86821
138161
126004
55133
137856
161062
34176
169682
143816
17527
48822
49985
192390
119913
7111
104448
74005
111556
7235
88291
44745
196208
8066
62123
131560
165705
87754
159850
51139
71646
132173
7783
7705
180127
178644
105603
26646
43902
154799
189555
85067
92766
57114
73203
13561
23135
60793
176371
127400
16206
69269
45688
97201
167401
22980
183852
11586
52262
61635
175297
49717
147539
42039
2452
182454
59645
19974
142798
29841
192930
168605
197009
165686
55888
35314
51353
136551
48061
113006
53008
79307
17649
117724
163895
98173
162196
77815
188843
19965
199147
10354
27590
19404
96608
147405
129591
157441
128773
133806
173911
63249
161332
162065
21674
41165
94954
166103
94668
121533
73364
16163
28518
66553
21013
31009
164286
22001
5620
160679
50517
148364
141964
196005
67387
152841
102645
102837
36763
83368
29257
3757
184749
80641
165868
182217
113583
46253
35987
112651
195767
134381
81548
79824
104346
130106
139863
120479
160186
168912
135360
52180
164735
198136
109368
69427
76348
47916
61717
66246
167502
139474
14658
47652
25499
62449
94052
103166
173041
35887
192353
194995
46357
157447
39185
117451
70375
134228
79644
19579
119030
151411
40386
197264
89486
111497
75519
165897
25326
69998
265
111002
28159
147169
107257
166923
138781
103131
97816
49773
171102
132516
19778
174679
132254
43523
97220
22337
185074
110191
89223
174850
132553
73327
65194
76759
186377
164706
9271
107524
3485
48904
94161
130579
149557
55561
55408
114610
35901
77555
2361
126602
38933
82269
146610
19032
167253
138987
58363
62004
163600
2841
149981
121657
81841
25108
148868
145343
142793
38247
154679
131243
112058
149459
64070
94290
42466
54947
8016
115464
9721
179057
59381
196084
6647
147995
11852
31557
24959
70489
81139
37006
98069
14987
188081
198419
183868
98805
128976
46496
18547
29508
137701
145121
153390
15790
125451
155650
165996
34594
48441
166255
102648
51574
179551
122757
91261
133564
2930
11719
113896
45535
78967
103043
134302
109198
81443
37981
155706
195749
46035
184613
128956
188768
54415
149993
53667
186855
177318
12415
8053
135275
151020
29176
64327
179726
11449
160461
88114
106019
105659
53951
29275
182509
91095
145480
13768
81449
133722
86594
118405
68029
99993
10664
10439
150054
129979
41177
50584
28106
66179
134831
84459
65843
30705
131264
170555
140753
25861
81923
128549
126337
174511
102743
82117
49683
135288
186921
17272
152163
110263
21970
48439
193667
33901
61357
10936
124450
64247
148500
186776
68389
186911
166703
11056
178680
80370
90864
47791
21551
98815
21304
111875
160314
111921
157427
12715
100949
129762
123288
100801
88179
41012
192097
27575
35920
70991
38774
39572
178643
44400
83985
63075
50903
78776
77590
34980
7659
199045
12526
58528
87841
148456
68734
25540
113963
147885
142919
131528
114003
114587
13781
16993
26920
107229
170449
74726
30204
87426
43295
94363
101801
27795
24624
53652
165635
104342
87794
131580
137604
7710
63466
177559
21871
182197
178399
104526
180107
111720
160024
146945
33739
152647
159593
108885
111623
38343
51887
166607
10391
73003
71801
50637
126818
63764
141245
190053
11698
25759
138486
133459
85152
29833
94316
76806
34465
48663
38577
172027
57508
156963
97180
98418
109234
23301
10361
108509
22131
163153
34579
23267
188486
62184
116741
150641
132574
16867
141062
61708
161553
183038
109346
49292
166816
125018
133575
73878
128583
197050
185789
147736
15543
12452
173757
130545
190449
13303
191841
130722
123241
33996
128651
165190
97621
86966
174509
158503
60013
21703
142325
150241
129753
185677
124805
104502
106772
152505
51487
22520
100471
160594
186738
192772
112730
96732
34808
42255
150248
92881
91846
7219
104704
104811
161385
131788
16363
188938
137379
137664
71583
144001
126377
89339
147701
24804
6467
157571
124351
102832
24617
16731
64005
67950
163075
1597
113584
74719
188491
15297
102052
406
91905
66317
16499
97661
26026
59521
28473
44939
90083
122329
140079
90053
22975
122091
11489
170053
64105
122261
197529
131628
104820
49355
5206
99386
75326
111415
2422
143007
58559
133044
17218
119589
24702
190387
114123
128448
112927
13984
25829
50378
47794
43601
120835
144394
182692
176088
81558
65553
92953
133228
83897
21890
154371
192113
81203
98059
96015
154652
79484
58281
152403
58485
93306
111463
194604
63789
100459
71715
94715
32209
173923
99122
24288
76343
128920
86725
42806
98289
130922
15227
150961
115209
136765
9591
41861
239
45506
198446
32139
86199
161153
77647
61176
183988
61650
125030
51882
190512
16844
120962
166595
180989
181258
26250
152964
143748
32849
94249
120521
22353
93551
183687
192813
71260
49188
62969
104731
36317
131105
6137
24753
93653
31317
194644
46258
93631
189571
138683
171882
110239
57396
54399
159059
23921
28985
96150
41643
196956
128842
58775
32201
16861
86366
99623
132507
104808
94907
138923
5873
167452
136561
121670
159555
111064
124283
60705
40209
68852
33910
177836
65884
40317
126366
165312
173003
112823
117948
7832
9657
73873
97329
60385
75265
166683
146674
24433
62090
114713
19088
82948
4963
158345
93017
163537
160799
71437
104111
30829
153283
105690
6437
129271
174166
190827
87454
75994
180118
127840
174315
23331
8064
102590
82049
191900
199281
66240
150139
163803
170183
65580
87101
161002
152844
51121
75942
126570
79183
172684
110407
151313
19117
151394
38233
10506
15918
11382
152133
183807
33960
153287
83149
39653
146620
72841
89239
63555
182071
193393
152095
198689
13507
137013
193926
29509
27220
98014
76938
90891
61509
128704
138329
90357
87112
194090
176107
167115
105543
187608
47701
43589
41893
37943
39726
81013
150972
36130
13982
189280
144324
16919
146084
134482
132679
162693
66628
43849
178407
4212
192105
26860
10979
129610
145102
20009
149016
81790
101312
14745
5295
188946
14727
187887
90499
43862
163941
129698
109149
122129
29297
148778
67426
88685
98597
157772
51792
126555
25934
94027
7145
23202
107121
138597
100891
7884
54358
16178
165575
18981
17119
176825
33994
176757
55301
59093
152387
50287
73799
101699
192874
15241
68555
143865
71290
112704
34414
198179
153025
64865
139630
15708
116711
38473
16831
181410
146596
44334
142842
17236
50692
148645
179718
197882
31403
108644
64804
82935
77771
2230
148533
79393
130701
186979
113833
155323
82643
65304
179120
97471
31429
199477
161531
5849
75442
87869
80567
63653
138837
116231
7276
147998
98278
133001
107127
65013
173729
154003
128217
166908
194615
5343
60749
185236
28547
19750
180252
169284
15725
15999
15170
39924
95399
47497
70261
58423
51212
95117
125606
139905
189949
136108
62958
3132
174218
64971
124981
90258
18901
27473
76761
150074
49699
140487
150892
49560
102499
159086
157188
78863
31202
127932
48007
121693
145463
62466
158331
26757
160232
144188
182012
58205
16075
193125
110821
186941
197124
24373
142273
147599
28767
107171
181751
21993
5215
10206
147499
86925
66660
162050
108341
77200
198789
6418
146491
3366
40759
73456
79450
132463
80072
64113
18029
114721
112423
18556
47983
64801
129550
54845
57021
5391
125035
76764
17386
177642
72145
123423
50964
77711
751
126848
94400
52022
98067
76010
5629
155831
46147
92488
45796
154885
185417
40269
186055
73172
66543
54466
137221
185154
6343
25625
182183
53478
11169
107024
99558
71062
39773
169506
86049
149946
52388
148738
35043
34249
26472
183364
196002
5079
133055
22028
183294
12545
75389
70542
117388
161280
63021
94047
170249
159371
142457
28141
162907
26796
96251
103222
156233
87938
51137
31750
80039
136152
106192
127909
94595
125977
48897
195139
139151
13062
137801
185518
62706
90046
84642
192439
199778
145799
159117
170313
53761
125881
188290
27666
77510
110151
180966
46246
114405
135923
21449
76984
155939
149283
16221
3961
41945
31290
54054
197802
197281
174645
149498
18617
18785
17091
66233
120514
51270
31058
93724
180021
37302
154010
83843
25570
101204
21293
41808
106604
34751
48105
34019
96437
51414
47103
96988
6148
31549
23156
157228
72798
131242
11663
3610
108158
119933
21161
42556
129901
78040
191388
61992
178929
113328
178843
87009
57489
123553
109369
112143
63703
47928
157216
158155
19513
133920
143862
198841
168252
137836
145279
37045
164167
98109
177427
194863
3517
62952
84103
87928
172841
60171
94153
125597
141600
101219
26354
33558
106606
25573
131561
130034
95193
16209
75037
179235
76097
3854
96523
177073
94013
146460
49661
102629
179713
23145
79758
357
28922
95089
74386
52866
5088
17220
160631
133669
38940
196293
88615
97921
91782
28069
144727
115901
81381
127876
138122
72900
183748
110807
1365
41868
175498
199937
99316
160174
177335
81939
148006
78589
17237
96422
59911
59479
87358
120199
148181
134310
153053
190305
144988
131966
37732
175473
83207
39796
109204
42089
123012
198336
130548
16631
1634
124302
39376
176427
97047
6
34120
56896
51042
184822
185003
41360
176895
85445
47276
130468
161464
144501
62223
33553
66029
187649
66383
92584
97093
166643
2782
21107
32725
66801
112813
67868
141896
109322
8154
163589
59072
4817
103182
29652
163325
112432
163227
126663
143890
72475
198088
7008
198981
94074
4441
130566
192865
55877
36874
91807
194337
124873
72225
57293
76946
119498
89633
36260
88617
93303
186712
176134
93701
19525
53206
151133
35394
116625
28851
183778
152926
106963
103617
128071
164278
196038
34239
161894
176305
93288
17112
101075
105927
43647
110346
121237
41185
162576
47610
147208
121660
15363
177037
154561
150949
47935
74794
9320
79
19512
195819
63683
179593
162798
41063
61049
183451
160687
179903
5659
80005
97423
86586
107084
85074
182355
46972
167347
180498
84578
199944
175481
156220
137102
73684
119433
145275
112990
74042
79840
115986
126487
186358
140554
193607
101533
165074
92058
109386
88927
16432
47957
70038
75046
74475
136406
194599
195101
193147
173428
55179
44360
23644
140111
3624
191787
155502
198812
67471
15951
53244
72198
179705
31207
170677
85115
15527
54526
92341
22601
94191
161974
138959
161161
98463
40873
96238
6786
116266
80738
184428
38252
87749
93491
47800
141601
169242
103928
174970
48700
108529
47045
99223
117576
23047
137394
187925
1145
97859
29139
107875
72343
27787
118979
45805
64724
185176
114277
127636
8060
15217
64988
40332
177115
154446
17802
167516
125092
48569
28136
110733
115479
106609
132457
155220
121801
143782
61847
114025
64733
9055
85477
50775
83622
30227
199259
26742
33652
143123
109726
175933
1601
177610
168149
126342
167976
158893
181378
123842
130823
62748
128556
9649
190167
92091
28846
138425
155552
134864
130167
33513
92373
148783
12639
84207
19737
175381
38445
10068
86778
189866
43482
106636
41801
155097
123394
161316
52153
6938
106961
186756
195373
45451
187092
29450
28424
114508
47729
49480
59904
27882
105038
74840
68151
199842
54647
175403
77932
59410
124466
39386
43104
140967
192942
19493
77351
4754
185972
154483
103042
187218
123779
33249
109880
139579
129778
159973
94488
77821
38001
172381
131371
47723
81162
85574
187441
39434
73904
4213
7220
187109
71455
164328
31944
131739
148673
61410
71574
112777
87886
176093
100585
86845
180028
185569
123127
53837
81137
65896
63360
32580
67228
8701
61153
106448
129181
49223
138802
5930
29332
102217
164634
160945
89461
67296
90857
167179
26089
125921
17472
40129
177251
64042
38165
194239
109058
151556
199007
160470
11156
41561
153567
46042
106304
66366
63954
65918
143240
46675
126151
68422
12325
80516
137053
102787
164765
83264
4245
75398
132775
96302
94411
138830
119780
144100
132417
99406
190682
63997
7379
85068
101390
178326
41851
33357
47018
21245
101798
73601
17173
18837
51654
171190
2421
124071
3940
26931
6106
67784
91687
55137
107906
134792
161589
89870
175365
53273
6911
109067
98831
55001
15709
115674
84437
158467
18337
156806
152200
23063
132017
93105
112828
127072
172066
127407
178955
42070
21404
51457
343
164193
186081
44493
134749
38730
156510
98466
199005
17281
119962
29500
17760
52852
36375
178043
30257
198425
1795
17406
169516
184996
37709
167277
190667
16587
1885
21115
63000
73955
111402
114604
81140
67073
34548
170924
173587
166277
37476
24013
12073
75178
135292
187558
68473
54453
111835
80151
156748
190401
89377
133718
2347
61382
108336
196577
180840
194973
158606
180598
163755
26313
108519
15821
23996
176838
69279
149208
101572
145396
106068
170197
129826
107017
28557
185190
180018
38472
143687
54798
23088
136509
128145
20137
20566
32557
85423
85043
97906
136354
109003
16272
101429
20069
101819
151780
197634
179673
3658
77842
84769
162514
141241
89780
99374
152060
172893
72169
71629
155175
168235
7541
131206
146542
64812
38479
29801
141945
95277
882
90461
117430
13643
115303
100770
51347
56616
180974
28438
29585
187861
152416
67291
127494
49483
143255
191964
29643
111507
41252
116319
140885
148424
18206
90233
32268
58597
185974
41000
143189
57692
72919
4116
6771
53127
131490
74662
33846
139751
35091
172488
70293
141719
104155
12966
141803
70706
168840
197636
73468
177157
104798
46907
21209
61840
68764
131698
22511
118952
102080
89005
74102
20662
96825
108364
117953
11257
111484
132238
20824
16449
2914
37781
115687
115218
145722
128210
154234
79049
92181
80193
92479
69432
58325
59569
189903
50017
125113
190950
105471
114005
118314
145681
105416
167413
88836
125928
71026
140348
110277
168686
111217
139291
166057
116484
153437
111716
119043
36328
198003
13508
77362
53639
144075
180979
143082
147818
117697
114302
185887
67606
70358
197103
142276
74242
175237
37152
17434
81475
126710
188817
15635
179997
181524
78146
160106
20057
64557
197689
118115
143043
9353
128907
117879
159000
46935
41617
40327
107141
126937
133473
92815
66812
114739
3363
10578
78176
20171
35129
11774
77254
110314
122587
123135
121616
81610
162193
119911
2001
28093
19093
60282
151300
82593
163179
167050
170243
23082
56405
116906
132140
44601
116632
24825
163513
83245
148944
79963
12987
150318
7980
174780
103649
44302
110196
13902
95228
164468
188811
163848
63531
185047
55849
71700
19366
189558
66273
151444
137898
146013
193153
2056
120446
144645
114771
100021
84029
103554
153691
4161
137352
180642
66218
128616
107666
112929
187544
109078
195272
19201
42570
57204
44030
15809
3073
130625
126213
199654
33035
8763
22041
101063
98802
115432
4563
93803
133377
115187
130842
155839
29846
116402
70655
11418
69838
94862
54967
93243
122140
75364
174595
189105
9878
76183
100673
42634
91901
54982
120042
46553
73810
12832
129737
78964
149113
86164
12810
100573
143169
118482
75476
53736
73782
116323
159319
156780
119124
17216
190661
91119
18211
191319
152399
4276
137057
140297
133087
60225
157496
92288
59465
17054
167397
180381
170288
175960
106215
192238
40356
19703
52753
18827
19027
99753
166797
190847
3427
158820
135788
96689
13755
80376
35478
9877
89797
133281
3991
107105
19898
154831
47433
173884
135011
182568
2566
146514
103442
59739
185266
111490
99901
17920
171027
28773
115651
39587
153737
47754
87129
90274
146900
134713
24655
74195
161713
78248
120247
177043
28967
108073
86640
187360
122361
113013
104686
89259
187810
90042
177522
186787
154949
115297
69602
156763
47796
50629
161719
93071
111131
52089
126403
69443
60586
103102
87372
150887
99954
5078
93577
122949
182622
153860
166546
13285
184295
14316
55101
147543
29081
4642
7788
95711
133272
168980
114613
36841
31112
95271
48359
191246
176079
15467
36658
166024
138031
89059
7460
47377
134082
164823
127848
12241
196223
183725
134433
181106
144443
157951
113382
118630
5273
113852
180505
120625
42307
145091
193167
169874
41819
50923
88073
149276
155979
159802
27546
129810
144889
72860
111211
560
3953
198290
64043
102163
26126
22671
124923
148406
181905
43750
39369
168419
140990
45938
48557
166522
119416
120869
110266
78478
185399
929
123541
1539
157995
26187
89161
80093
47322
108883
28517
93836
189532
23840
32386
137056
159891
152203
80601
68343
138110
29809
118020
194334
128148
106505
171607
24611
174240
101513
6808
184881
21110
16411
22664
64338
86580
138030
61868
95719
56157
23971
97368
23771
136009
15885
8405
164875
192319
110524
153207
171652
32066
82503
39275
110691
34440
80598
160783
148365
13056
13751
23349
180901
19021
59200
128469
161844
36759
143425
18578
168898
73809
174797
132795
126886
101083
146407
2169
132374
174267
186722
47595
93916
146726
104028
57899
82975
141283
27610
15690
78289
149024
37583
92679
124988
127742
177698
61722
37956
28571
33563
22882
140943
124048
161387
40002
69164
96426
12397
188242
78891
185731
111855
14464
87503
160841
181923
141525
51441
66259
128598
118744
90445
88781
129186
186244
115280
52599
195360
10640
156957
114822
16265
77087
191782
118223
17347
154613
166316
105685
87730
104194
134629
97170
88919
34543
31451
177189
186165
49443
154807
101473
91859
167511
114501
148940
166074
23874
173692
138955
45230
66162
39784
87061
199221
75957
156296
28911
108066
180268
42207
1577
74207
28552
127537
88482
54155
46988
24970
145355
116111
194965
70963
46081
53522
29682
51643
179209
71868
82802
71104
40420
76237
122124
41760
140447
178045
79320
80761
89562
111080
186881
122748
77773
38958
187521
108841
38476
104193
199465
99524
116555
31766
191814
154950
98130
104113
123268
8031
68802
20305
161545
119318
94817
105961
32055
149353
129050
187797
518
55138
129781
127021
190251
77545
197931
105042
174385
88188
89139
61525
195833
166211
57808
84719
136857
174403
81432
183306
121792
60398
17922
172557
123207
151027
123173
133191
133153
91963
44342
1842
111349
115405
10370
139218
84763
137466
44975
97243
103236
62769
100512
50147
114451
32666
78370
144518
198340
63596
113289
47661
98688
145151
11516
4326
28102
71459
90705
196032
187593
9286
31033
65633
177012
115207
1663
80731
76141
26273
68669
44909
8519
8310
75882
68040
107544
186873
54863
140789
173393
133113
19526
100391
69268
24593
40673
85553
37843
49304
108576
123298
45799
113253
19851
38218
170650
171918
99124
104437
26358
4537
23199
50055
66239
135645
55518
45295
35554
108643
94783
111072
3400
25808
161811
176
57351
62110
31977
48641
106477
40185
168616
176296
11914
106074
40405
10151
160665
20853
36100
175459
45941
38578
8437
78062
37921
51856
96481
99192
69271
167576
57301
46617
146801
63184
187804
103207
182101
40137
45525
31681
11204
111924
10988
23019
116537
45156
61171
22467
158286
70431
41688
102602
157383
60713
119199
146845
189174
116303
4639
225
184574
29813
29541
133955
2948
157193
22258
195714
107481
131341
181784
173383
71375
196561
73230
1841
19619
105787
139227
133394
90052
172976
71541
146958
103022
85406
194419
5344
139841
65750
52880
116298
101319
68632
118825
153245
106361
14113
24161
54824
191150
62723
108884
26611
10856
50846
198459
34208
96856
133986
82206
77487
14296
146553
186221
144589
1453
25258
70134
145781
47109
137384
182253
94280
68024
128183
194165
47074
94802
76038
120189
54846
8711
6252
120468
1738
166807
2961
156576
83369
192415
186084
112248
7851
163835
96069
113861
6282
111735
159553
41614
102561
141774
11861
140202
40643
36160
82843
195111
108725
40427
4283
168174
174405
134656
55103
10768
38959
92559
19321
51994
120721
156777
191678
117321
9066
22118
64751
130410
42783
85105
38923
25419
89983
56468
144573
3260
113032
160523
1462
76405
23843
179133
56329
20415
41322
95177
104300
73144
100228
159205
73618
41633
196684
46875
53283
124605
94981
99646
80250
100993
88417
51808
143404
112203
43247
45137
104264
70224
2734
112735
36230
85867
46801
81121
190257
184714
51793
153717
199063
47117
104182
9483
20807
38756
81906
57155
128576
45448
106760
127830
150988
54590
91998
105041
115481
133807
130614
176686
102527
27203
48737
20762
135789
194163
103501
114947
198868
33009
120960
105300
4267
45481
58570
63413
85156
73132
156115
182922
23066
198133
142745
59094
174758
175492
63064
32272
137009
22731
140204
147613
126985
178240
38533
167580
65090
106660
97062
143440
3138
173401
46708
47046
57975
12049
30235
111378
51785
12202
20786
92481
599
156784
124635
147947
84434
193742
29614
95281
133726
44903
10898
51855
144625
124171
59956
3421
57814
95647
6111
97984
124396
109614
167018
132257
27708
42105
18885
130063
85040
157401
56708
188754
26371
112853
83421
121769
101502
178259
127366
100566
142203
18346
76434
87609
13404
197102
192972
157793
167302
87837
1025
74665
143496
162112
39126
178096
196245
104497
647
188140
199499
110143
81954
28206
162479
84484
63728
81744
29714
55475
178007
195738
129111
155336
62117
189073
9601
107261
185954
94431
89209
36962
131606
83832
173251
31282
125316
148596
57706
71995
10901
169797
109261
11428
93426
98909
131536
110238
81286
56568
76904
37746
67929
19964
123715
107914
113900
154628
17926
132145
94866
135339
57217
53375
124207
159022
28837
168145
70227
104405
26425
51325
108693
61757
155480
149788
124222
148177
95405
91631
59050
164805
69625
101671
45069
13978
138587
34393
20688
126662
30721
179496
23050
175062
86723
87961
76493
11747
157710
189601
47081
109385
159856
17857
146015
20151
101899
58295
7958
50245
121502
134874
58907
117413
120419
44862
124136
156513
47905
55597
199553
105522
119743
148060
75949
177395
49911
127677
87391
190768
103015
123077
68949
45763
188543
138494
9130
9569
3179
5896
1476
39652
158929
107634
107584
103873
84985
77130
147525
184823
103741
29826
82660
101411
116058
41925
172803
61476
25213
160437
137972
85400
10711
49434
150984
151303
43658
13116
75394
31108
181175
77190
189031
152842
8884
122695
175048
152178
78768
129364
155899
71605
61775
173830
82322
89277
82594
15488
89301
56252
146505
40351
36949
163121
37815
5945
78426
138461
77899
80526
146736
92989
169819
60641
97483
61626
118023
99233
76442
162715
114681
39607
47981
132783
93419
92610
151894
196717
97495
23802
21295
112576
3715
33126
24708
151698
188478
101309
793
33878
24850
180002
60404
69840
148933
7523
56888
11714
70238
8575
103199
199979
112864
39682
99445
110617
13604
113887
109422
194657
122697
169647
34978
74461
195209
163977
107823
12901
7642
52123
178411
57857
7026
107290
4224
19194
56039
9432
184795
169949
176911
76805
16843
125217
125742
24913
163665
171100
166475
162879
48749
30667
133765
191297
38852
759
70399
66566
168973
21938
191905
107474
10954
40126
168685
125101
129808
88287
846
198928
93619
29330
49546
175863
91656
110020
103592
86940
140763
30517
103317
38806
66192
28038
33067
107801
12451
142091
13337
177111
151570
114999
163662
199162
63917
138138
189185
112545
171041
188241
81132
42338
125910
19501
38339
199132
61284
52235
46008
10296
67578
53921
135960
81765
83865
92967
116368
30710
161502
23643
114511
20705
130715
189180
162260
48520
34759
175876
17165
101673
16479
51437
188261
154645
63655
108962
151334
37029
109001
72825
29315
15680
31210
1809
21648
125046
40733
6690
192846
153938
125166
69610
147040
69514
146284
59142
134680
11385
174805
10643
177090
104280
82451
95804
24227
170567
37263
172521
196219
113415
5054
122058
48023
8593
185321
25337
30496
111361
178653
93611
136038
13207
1421
104350
22978
27844
56365
126523
13950
17505
161228
19225
93152
53961
161265
153070
7231
170069
4174
138700
140897
38086
116845
76554
60230
14372
170435
60051
18928
184983
162438
104961
11650
176022
32833
85216
92929
70450
25231
114903
77800
184257
5017
31084
141237
21140
135987
175343
166414
189364
44252
13886
137400
79910
149421
142763
149429
111007
193614
54953
79526
33904
60796
30923
113228
135482
156738
65597
151471
76209
2015
148330
178828
99143
134092
113464
18315
94472
80156
22684
52031
140129
99012
158423
190547
51155
155538
58918
142205
9195
141380
34347
56356
44082
177066
15240
162457
137815
116021
165997
178146
155817
15523
47106
112233
73419
6767
126630
150494
108460
95603
2298
195574
73710
138625
125590
150690
66319
32902
189722
55015
47875
79011
31506
108308
14287
143743
40583
95645
88851
193605
157770
4278
15187
146651
198692
27820
193517
30685
62158
163275
35436
181635
28500
151520
199131
90631
166590
166364
103134
92879
191753
11193
18004
54364
168291
59523
23257
61061
3416
81223
154756
28050
111099
76144
105112
142211
148328
50213
187160
169257
5823
107689
20380
16337
38353
74021
55171
141947
123875
168802
24139
54004
136684
134494
96621
18832
126827
109850
190890
84311
13485
831
90211
11241
50078
81509
173016
172255
173110
153468
16895
186121
65988
12625
59274
66435
197489
1219
131520
43235
89093
13427
192834
23885
146259
120001
46467
90752
61888
126407
15877
82412
4528
88726
2485
189198
13465
9241
83428
38283
142661
66237
17606
42691
93913
79651
61377
71833
92673
53431
118356
21616
18
64419
155472
75525
139710
154816
154636
115342
14089
137154
90210
135648
79404
132016
195368
82455
179696
174093
72500
135561
128407
175573
62431
185141
130397
148757
142231
124393
47389
33526
188502
125688
59330
19523
13540
134501
17122
149522
55609
50973
61855
118003
92335
23044
64535
151117
139617
355
1980
151482
122298
98085
138559
187941
69367
81925
109231
92782
93915
100161
9988
36526
71192
82221
174281
25729
28204
1304
110446
10761
172916
23524
171246
83193
16413
144802
37754
40799
164127
35858
20775
43174
190673
60067
35161
174693
122683
134757
167507
43521
55120
86443
197621
90495
122391
148765
125167
71340
139274
195424
142502
76733
137723
77006
135951
151867
70009
7032
123840
164569
35841
165631
29390
108739
96501
94579
161717
125849
144764
15371
55838
193900
121242
164072
57159
137203
191627
82830
32230
116515
105293
85537
194702
176776
1943
68317
179033
45711
24349
104124
49158
32749
12878
135472
13471
29154
127302
104908
41483
70917
12784
62275
42032
94310
155729
166411
150066
54691
180137
46530
165048
46207
133756
151051
29611
163078
166128
7631
68466
34025
179505
1297
90133
9393
116872
149832
13340
124809
116801
91303
120715
148251
2145
10401
100202
40801
153248
148546
124252
199176
177952
51300
56533
43362
40482
29086
65349
189201
35815
139876
70530
147699
117042
3511
172973
191988
111029
182638
158166
54214
11491
15906
39004
159218
111481
168569
140306
188561
179187
142975
92292
136014
48644
118774
88106
135503
133752
106249
167919
180079
109551
166614
144230
4303
141840
150953
23439
103234
9903
63772
108941
121102
95747
183226
71034
157491
98311
39142
118769
134205
158537
85059
105135
156396
33460
168255
101577
25708
148876
77314
42457
165037
63755
155532
96617
116486
50176
61701
125685
132260
10103
59070
70165
174670
25025
65801
71711
164449
4079
56006
196480
51517
28531
47059
27621
137795
55771
42469
23895
148897
64343
151957
39547
189085
175619
22908
164725
104285
8994
142265
116504
179406
56088
161304
130070
120385
26436
24534
180934
51243
106102
159478
94684
153409
35271
129895
63691
172121
1024
20231
195706
154687
138547
129247
126787
133213
165690
121537
88663
14524
165360
181013
162071
56285
103729
53396
130264
98774
81760
116849
35647
73704
168466
1382
129034
50595
112070
57207
18629
173361
128302
46211
13204
22151
31127
67687
42919
35474
195973
166983
181566
60059
57252
107137
194203
26092
192750
91505
182207
171855
141951
26442
148481
65936
129222
703
11771
18427
86233
147740
125901
38333
117302
86818
193306
37559
183771
67837
16444
41810
18073
88916
96155
68762
161457
189250
115849
52767
175894
61406
94485
58526
12148
106989
74968
95458
81066
184531
138578
176501
104092
41514
106635
65865
26156
62229
186422
17771
175858
185269
185398
140719
121704
96012
67683
129666
86665
18776
54791
78880
160854
134277
152605
107260
1131
49821
171535
116684
176453
16354
126994
33830
42547
147683
128324
54296
48963
7528
142342
75332
1999
197158
6287
190016
108183
403
8839
44720
124913
60375
81588
113252
111413
53900
199635
33811
79691
11394
174301
41282
137726
41978
43966
70583
86246
175088
37647
118541
60871
166721
108581
169407
193218
197272
187381
117069
62788
129923
103577
146807
104304
36404
91829
157194
199
60467
181167
192613
87313
141337
117883
184947
124717
139563
100610
191478
142504
158043
165542
68035
128606
43649
181891
58220
58754
17306
45664
184370
35016
122092
190236
167286
85872
80921
165230
117104
22572
95682
19790
179022
136790
156527
162623
35141
192713
12904
42900
97938
125441
95238
94095
59514
116260
119242
182619
19077
99388
29053
108467
163721
72559
172544
33262
80523
18934
67357
154115
160519
102922
163061
186414
87482
91693
87087
194123
100905
121099
15179
14131
82718
41447
183298
57591
35826
39301
91865
125125
92083
77205
161860
73296
138007
26558
76246
6110
128185
82697
33959
85775
152811
171474
30225
108482
44793
137426
168925
100413
144808
174487
6659
33120
164583
164842
69866
199963
113329
175446
29951
121906
26287
132513
153385
10586
42076
135303
103944
195333
50989
135854
141116
90115
114090
193071
70356
90758
99865
177176
6430
1801
150923
32537
21539
110161
12290
92350
76500
99019
172525
84177
5196
164331
6158
65900
121984
81254
80226
39891
59592
62968
36546
161205
16192
23520
79993
27321
102140
5495
87325
49999
74641
111326
62129
94461
188214
16705
70338
48167
197153
157277
106127
53072
59022
148785
175581
116955
30626
30555
46330
93134
14084
142736
135014
88603
69608
33256
39775
30659
10521
143623
23221
146731
140559
38807
118749
155682
33945
45700
64525
104694
10411
107011
149641
113753
136607
190705
147937
118013
140417
124226
168762
76056
81252
185085
19324
111778
94805
106921
189059
17294
36519
195014
46082
164945
60736
68303
64302
3642
28884
25634
42930
20592
100453
21735
107091
67365
35863
126843
87133
42643
188293
116399
185219
149194
160452
181558
102488
46969
24025
47929
110773
83704
164482
99695
6030
117284
73802
94486
187757
68103
85394
180925
68738
115805
51066
171157
2801
100329
196249
60477
187265
99491
24662
55398
108536
82810
136966
21030
153707
23056
13189
126277
33947
63868
440
11727
169681
175641
62172
117935
181305
173629
113236
170797
19689
141944
101210
89352
172383
54118
28265
179843
164997
143202
119671
119556
36601
48786
50838
86506
106321
36536
89922
94535
140302
17847
66981
40670
7128
178570
112515
93718
159282
140673
47340
32781
41108
84341
21520
115080
161904
98286
133277
5961
132503
68072
136423
112247
67833
184819
112676
73688
122072
64965
60037
160356
184084
56449
109441
180032
144085
100313
30803
178049
151617
121101
73041
26867
69066
160144
64849
81411
168512
183642
113058
88448
40423
2853
26502
126757
31558
95899
71681
146225
88821
55124
70600
103039
147476
5393
190353
67173
12179
141748
42765
4542
99506
88099
160177
68599
157677
41939
94412
118886
59874
35963
80940
163948
95757
83183
81343
83101
55491
28723
132364
172804
23322
177144
170689
1534
115524
125911
95745
98953
165201
35428
145403
118716
151801
54276
154884
64163
146939
12725
131375
63678
60258
87097
22359
103552
115739
82911
93230
100773
88835
16158
65443
101868
198822
133134
50726
138958
19914
46785
17481
97684
146170
11060
67488
30391
98800
188956
147393
123998
41059
36182
170192
55689
141524
167723
123905
124671
44707
160484
186540
49086
181158
94609
8803
47060
11133
99878
5162
133349
190477
99681
58756
165991
20601
50310
75468
16747
63104
173869
60242
146813
72437
96764
127236
198207
31897
57545
52078
158191
28633
31989
46623
199081
51012
161722
23032
145671
43717
97848
67775
96521
63415
173643
85601
154717
190291
116692
197523
41732
177907
199107
23784
38771
24095
172194
14715
53691
155673
78925
193349
27497
147336
171851
106345
29616
155165
161971
171501
158277
166734
55769
172769
29151
36713
91811
121859
28497
179222
170065
193333
604
183645
174929
78212
101593
56274
157966
165288
136309
175141
143060
160633
71566
120969
108272
121784
8202
180293
25487
104454
54702
183467
84474
51182
125288
173715
197541
33713
57499
152018
181081
18948
9302
6625
32128
175662
114165
46436
82614
72764
52397
101302
190121
23957
108339
3155
156467
22152
100806
40518
130610
71028
97838
55056
99129
15389
4064
4579
9945
98072
1645
10078
107998
50091
149425
183286
90729
119132
98094
22561
140011
148498
77662
87154
34398
143812
157369
154328
158076
88770
182242
169045
109621
105115
78732
179626
156810
123802
18421
92395
30819
3290
164938
185381
42009
167038
70578
92493
19268
163989
168954
74306
52689
113817
14768
129856
194029
53105
159533
147433
93963
65363
123346
91253
133667
16692
159331
176674
28931
191580
53794
196651
82757
107697
47137
174721
154478
39927
78648
136052
37278
179097
66765
196615
82504
74205
94123
49838
137616
27211
161034
170703
156020
43697
44785
53398
141625
120952
14721
164484
119404
189407
141461
129916
115152
149964
904
64728
42631
131175
175208
9768
111976
39867
21853
91182
71005
83513
121210
138653
114245
183078
180301
72004
149330
194808
192555
126169
27963
948
106684
18807
117077
46849
24680
117228
95954
141618
39256
40601
178693
60293
167589
154706
165559
33661
188016
51748
143602
64336
68401
177901
148125
26901
39350
196222
26013
17849
7549
145160
110189
55365
37837
153871
169217
81040
150960
114112
156626
165173
64741
137962
86058
4602
13748
108965
68232
115940
145765
24134
87347
90128
157221
43988
110390
190753
99207
143106
191120
3070
41338
53491
129356
194041
176340
29011
32870
37759
84058
117256
25827
121234
129776
114356
87367
126750
110984
118902
132279
68836
112948
83784
125414
155177
164961
7210
187793
55571
185175
39104
38779
92617
113629
121579
155991
119093
156667
140941
176461
119443
35331
3983
10375
95076
192679
48003
70283
72964
47410
123666
133882
159050
37537
45669
87959
72182
95491
17219
70387
52769
55801
80392
10311
72139
28704
50027
33307
68454
60481
20170
36644
35603
12404
98405
73932
196493
90961
44089
185668
72364
39447
161242
67617
35664
84362
24751
14281
13888
116457
25880
119041
105700
118916
38382
85413
118913
135901
125142
97759
88843
110962
83205
103583
48300
136626
77339
5130
20115
39700
34554
14646
189948
50813
35667
127461
58183
60993
173115
151343
34327
137171
169220
154825
131611
69131
50908
98303
29274
23970
156377
9332
89218
81496
66497
144178
15087
186136
50090
28511
159240
103127
70390
41188
178494
10606
138816
12074
51842
166823
98622
149505
15195
110435
111157
26634
93892
188898
58914
153672
195635
50184
159545
156363
168243
100052
112645
23948
129370
114255
161197
137761
127985
54136
142741
48473
72743
111184
47205
122205
169158
106112
14850
137263
73385
9319
140762
159971
168977
35749
61898
30329
43165
23060
162041
46225
110177
132288
79198
185486
26791
194487
13390
94213
126737
34418
49307
63077
12114
13605
36846
84361
6612
81384
29965
138080
91873
123076
79106
98641
63178
174471
90450
56599
70094
67272
40983
138634
65164
154563
185849
151968
60899
99296
25349
120132
78257
157249
118636
73045
113761
138081
147972
109038
188089
189337
39763
31874
66445
60471
125821
103757
67987
103406
13004
126102
136846
179171
71433
43329
101735
47711
156873
78313
66045
58316
122525
64596
111493
173358
189051
89044
191289
109337
137942
113648
48945
25367
23569
105733
146435
73474
134682
31646
26554
116313
194889
117753
48613
116076
120203
36915
90746
87494
17899
127704
41031
106204
199286
46058
16691
99435
161615
14117
83670
129010
105763
87762
19356
112296
4121
48542
53076
47279
83677
85420
85293
35286
41022
93221
119188
81016
62957
155184
119033
191340
8504
10063
2758
157041
143930
186282
159452
22891
49991
10437
25698
143336
183556
98704
10374
159026
193693
106803
33989
182191
89238
10850
160542
54588
191508
100734
127320
91421
8075
186444
165678
10851
184882
108365
39580
58284
135698
113314
124137
144131
161767
33858
137182
94842
95959
145639
65137
53696
83667
101804
30883
83073
120481
153217
102820
165218
160395
125448
25440
194855
187124
179322
57753
174275
43439
127651
123964
167909
51209
183015
8577
191346
70063
1758
157106
118134
32898
4141
173794
6174
4304
134033
152802
77076
171508
124268
161812
175783
28233
45031
136368
43769
103303
114402
183873
96962
50980
15979
101783
121535
3121
72707
38380
81319
84993
44679
86795
57650
160581
72871
154205
188418
193230
177641
48371
165831
23471
117801
84051
9527
145562
69626
18233
171001
167563
184656
119953
116628
38997
112790
176175
8675
153028
160386
22087
10016
15714
109809
110713
52786
21663
43817
106480
116388
133930
89267
91961
152524
64897
92601
6013
183660
124254
50199
71937
37213
19405
116911
146885
94766
172533
20965
30228
178134
5521
176066
25078
169478
47203
175778
199910
135071
102105
1379
101726
34517
44189
66001
62063
26702
185037
35965
161587
2594
46649
4865
87405
34499
2275
42462
76908
32689
87597
182065
122181
46621
151130
108681
191174
94318
156722
90978
101570
56516
155747
22119
154626
156653
145598
15759
62581
6395
164986
79713
163979
32897
121074
196553
167
70752
144217
198562
136053
121368
194688
3907
120055
3948
52580
54480
15967
21008
150529
61712
14313
121440
111963
66805
25403
40779
108673
92410
119027
33265
68744
96347
56433
769
146322
87371
43606
78733
7447
14322
142545
85708
104481
157731
28409
100260
37922
10717
85210
128569
175482
49855
136980
62213
185639
184889
62625
129629
7475
125815
163564
3205
6022
41577
150956
37747
36753
11819
73207
38776
65107
133743
30564
15925
138631
69194
146194
77572
92678
183308
190548
24193
63921
170432
188513
78556
107270
33786
71795
28734
11196
192933
167595
193635
164888
62287
110793
173036
105857
182743
91831
180254
172638
115221
87369
62269
74593
9729
128961
102133
26571
82242
61054
65408
80446
1604
95361
131659
125277
61671
104471
88007
20749
155204
47270
196487
89061
193842
28907
118393
61346
96149
112441
85104
5173
116040
171642
55424
55941
63162
155637
80015
172397
185291
127414
131846
84060
89807
74283
62635
104823
53455
78514
147403
183711
199598
145488
45802
102176
6201
70889
105957
41860
144456
19240
184565
30157
151066
150292
16973
143214
77504
85058
8710
83201
8081
155646
192317
79286
83065
187221
21186
62985
19445
84870
113014
19608
32579
198991
90129
178482
157195
66583
165434
96675
162372
112617
72513
36151
72954
21690
91722
120594
59135
134026
194010
127060
105374
37963
193580
134504
109688
148836
76261
169992
186322
21129
106848
116940
98527
56650
152009
19006
44074
167438
105215
130567
88436
152127
59293
101761
164921
94603
153648
28881
196110
186070
144446
162042
49123
89991
9901
8761
11485
14695
126389
80406
159308
148214
129016
153121
172444
143505
91014
68353
86431
143911
68075
23112
92329
166015
34377
115083
144673
52290
161890
179650
173513
26404
76300
1503
116223
11721
131678
47399
53490
29574
92704
140194
64561
190205
47808
182566
32493
9834
115057
25663
92041
176257
184333
3128
29969
150550
73938
67786
127686
164981
70245
115903
57649
70996
167562
64007
117117
189888
59552
170721
156742
97542
154486
38886
41744
153702
186392
64017
5459
44037
34439
28410
193544
24828
105173
173779
111768
40614
33188
13003
169072
68191
123064
159489
195013
64889
117195
42479
171317
105392
138473
129984
137760
79193
11764
164570
183715
15869
106462
179351
6920
67267
84950
121258
21346
144541
66659
70497
156194
5371
27909
18743
73720
164158
37801
73290
67062
173711
103837
90629
161577
120696
197914
187102
110512
173196
131621
21157
22487
36355
29620
48485
33944
66450
30468
37744
140771
99453
46071
112425
173113
123349
152447
43336
81201
142858
62003
138954
150872
84007
179001
117368
49769
73830
117741
87526
179156
35245
180007
141701
71263
87193
102807
63192
22461
196950
186269
29196
28685
147603
42626
111563
160882
166149
35119
171375
82148
107749
126367
114913
22682
93056
192862
120207
134353
131649
98368
122128
114704
188430
58781
46665
133924
14537
32501
111792
42412
169294
115697
116001
1983
73421
94674
20950
192337
109606
53095
184318
214
121045
58849
186733
37851
102786
196881
69585
115194
30133
18143
185501
30460
38374
152041
12365
91881
13985
41401
134678
4872
17626
199761
106638
148842
68111
43112
93039
58243
156122
2218
66063
193545
135194
129129
43655
53566
12766
129399
183811
5851
167916
116516
36445
52375
40304
17619
195126
23146
1327
85041
145693
87505
52390
50536
119764
124419
32670
31537
199399
166776
140113
176944
98751
65911
19656
98701
44419
186852
191887
1305
50788
159074
176917
51105
5946
185274
146438
194418
147702
53387
29558
29293
123988
93601
17562
84110
165386
10602
44019
97439
124570
186182
50082
104246
184145
146625
3195
90220
96042
158851
56919
42585
108018
21409
73261
58344
2394
109206
43802
178302
79041
61356
44683
147847
7680
44265
163746
51923
149943
110130
45002
73236
87251
130669
165328
60443
17352
75711
162811
59321
74533
28153
37050
44626
1787
52759
171125
9957
99270
75438
98212
14055
66221
194734
121824
114109
151770
78096
180001
66582
175862
171796
84453
170638
60549
44271
153331
59055
70027
13572
15888
36887
147288
43392
126209
119969
70532
113725
198593
94272
46460
83363
53493
12235
134865
71413
119555
99761
182881
186713
117447
167688
34368
19121
70574
31667
157029
129563
35135
113515
33729
18842
53146
64120
133005
18897
66493
131483
129231
84515
13198
44422
4287
59099
9386
43303
74612
71021
59215
97299
136556
92913
59540
137922
43948
187653
34813
90383
38857
177864
63090
26532
37163
141123
72827
17913
169071
78511
181029
66985
196310
112387
65117
29626
123270
60728
11808
179161
120648
36608
109285
3707
91939
143908
121245
69804
163587
85819
88254
47651
48784
25901
120957
192372
157229
97155
149923
54816
1971
17152
185361
110440
143832
168943
153615
191282
113824
80778
38328
133745
146846
88009
47912
32117
55026
72345
98941
149563
34015
28182
22752
90109
74978
79738
148351
14325
32892
142144
134725
178220
56986
189218
93172
33073
124575
79866
31459
98270
113221
46997
3030
99683
43429
43185
6127
58167
29740
