1106
70372
22423
72379
51523
42286
25996
15880
67276
88882
21204
62203
12581
44807
90848
6649
15121
82461
99484
51712
57175
21445
50410
80920
59189
1
19219
2313
67225
49258
26179
54646
77797
15293
69886
43339
63295
63289
35942
83498
64648
56826
48087
74921
86553
47050
9394
76053
98090
97857
76129
62157
39088
16909
69139
59889
87013
36428
95515
24712
39352
66833
66621
25306
16499
28097
24586
77026
51166
56504
99502
8868
78271
7885
59406
56827
59807
97777
89695
6645
82707
38200
11850
30287
59733
97078
25308
38359
18804
3592
54003
45154
36433
35716
89969
11622
49846
59239
90385
39443
17077
65830
72010
71974
36232
3505
62705
42141
17689
96188
40627
16897
27181
95185
14059
87688
82072
40984
59305
23890
30563
8260
42499
42190
14345
66745
22278
7555
69400
75161
49281
71914
36790
17821
1357
56989
1059
66585
74489
12576
94411
47810
12151
29648
96310
38979
59179
36623
75582
68986
46300
1329
57347
74639
45103
45357
84748
50649
9973
47110
93454
56629
40570
2874
44881
66413
2485
67819
43327
53665
55230
8275
81916
18409
80672
29604
18046
54441
10883
11967
88624
61597
38007
57461
67591
18013
7966
20788
31032
15370
55441
59728
43693
18446
28504
58433
60081
76216
3358
4620
35876
941
62596
66646
32682
58039
3337
85698
95672
48547
95200
22646
12940
19896
61725
49752
51713
47353
79771
14797
33368
45939
34353
40763
73483
22466
16093
6349
43780
83147
66349
33188
98649
24700
78139
44652
76633
82421
47838
26730
88512
28675
95277
47113
70090
17353
92947
43729
45173
85171
91765
22960
37513
48727
4117
80107
94144
45541
37351
34845
16858
3933
84817
73756
71749
21775
55546
24611
40873
51562
98001
25005
85320
14400
60802
13327
54994
75122
62595
95013
40166
11649
50498
95362
7164
61753
35440
93457
16238
9948
36158
74548
28261
41365
65330
8969
13474
17262
40177
93034
70406
55269
29845
5016
39616
34454
64573
12410
96382
75496
19230
3160
94014
70888
40786
48691
10630
51375
69833
81387
53671
97047
46543
83806
3769
12242
19246
18217
1645
42341
40209
45383
52062
11395
29718
15790
27357
30512
72869
2656
41139
17503
99012
91043
56514
96557
84090
37311
39053
16978
70597
90997
54274
47853
2287
57209
56466
54079
8000
75727
88201
49537
58133
56118
25735
69598
77655
20431
18868
4654
43678
77029
46028
39392
54832
39601
19902
43715
37036
2108
87007
8645
12758
5248
86102
52753
60445
42002
79800
81041
15028
67042
26439
67707
78463
1021
57754
82837
36329
54247
95526
42510
71721
2667
74536
34520
7262
20771
61111
58539
5050
25257
86154
21674
23793
56620
96258
20247
94654
31440
56719
70517
98410
33431
96037
66462
6777
73750
98494
52795
97798
76419
74461
61516
33446
31978
98767
74649
75479
98864
16585
24730
48070
70960
8726
33181
96474
48430
20173
25038
91268
1829
32869
21521
48132
23669
9505
72319
38945
8904
50303
65395
55330
23824
68176
1101
20185
45365
88876
433
24742
39979
4423
45337
65848
30574
57762
84902
45390
27079
8295
873
15225
16903
38743
77710
23589
46654
95527
42031
35751
604
14425
50494
83188
75060
22393
66503
9790
78604
85913
94048
85646
657
3605
63790
88984
78358
18813
44340
76012
86773
40693
32701
47246
93802
4564
51860
36142
23324
20359
64879
57506
81225
17614
40227
33894
49708
27834
37827
69749
75894
15868
44494
17158
92615
3973
1945
37306
93787
57806
44005
1661
14833
62100
74076
49630
65854
38983
29926
40084
35872
98134
99703
69663
20581
72209
36324
46896
58426
76471
50231
99720
35400
99634
18419
68635
15842
69976
70788
71506
78811
86942
98443
17839
59509
70265
34603
51854
76504
82054
46225
70858
97921
27184
33472
2335
4343
54737
43816
90062
88815
60194
21301
48781
2749
66186
15403
75493
53146
87374
72955
40198
65869
24398
74998
65466
24473
5007
34162
60340
64145
11525
61741
93853
25191
98461
11503
81115
98258
68554
53124
87625
18163
41070
56449
56545
96845
76840
30052
97849
33485
34402
37114
37968
98503
20317
84790
89937
43033
20231
95599
51791
71488
21541
11153
95531
36466
75467
10993
78251
65755
61680
22624
83413
36622
14513
82773
16698
68711
1646
73772
17191
6209
1475
24468
91846
87466
97091
78185
16445
51097
66991
86053
75634
32661
64719
5033
32750
71777
38527
98380
1774
39268
66150
19744
34964
40767
45631
91666
11485
10403
66168
88695
32854
78464
50786
17002
29498
81196
32923
56242
69046
22583
75195
56071
3252
98766
16912
95326
54190
19
77568
79837
88877
217
78299
75834
48060
23860
21979
59218
77168
61765
83113
60598
11148
48052
20809
67035
71536
74660
3510
52903
98761
64198
33751
88781
25416
57422
54964
50712
6244
91257
83335
80770
63193
87204
26467
94339
23827
49381
36721
29920
79027
31729
91795
96628
62398
19297
73789
93559
75028
62776
1387
36044
47074
91928
12148
24853
81316
71125
51885
11471
19078
64124
60484
38431
96091
92049
40496
38995
77158
8025
18091
75025
53539
98276
31398
20044
85024
31690
53028
83104
91307
75685
69459
83944
69478
59836
62556
13129
57972
27313
53443
45970
33070
1750
62393
73539
73008
62444
34775
11773
6903
41017
72982
73101
18615
42149
2715
75359
48271
28804
1226
1081
53767
85795
541
81512
5536
332
91198
59977
63617
72646
2527
52736
26008
1321
8332
68847
42927
95662
80947
32983
35062
93153
4897
64732
5872
67671
30057
63356
21919
39535
34293
20275
37399
70381
45538
20968
33238
2815
24460
11001
35713
94706
50072
77001
99467
30650
50507
38146
33505
52567
47377
20725
39530
10481
24809
60895
28291
48121
21222
24607
44361
42136
61609
70968
37019
1632
43337
96049
43845
10234
14004
39484
50770
40236
9907
74882
5827
80633
89870
26035
2864
49020
74431
27471
19807
89771
99793
62290
94141
21543
23961
28944
88318
29171
12037
22498
52147
8239
35803
71311
95167
80882
62677
6937
80915
51303
76925
53947
59779
26334
31040
53201
64554
79300
40004
15094
27031
13597
77762
39895
69949
99807
28936
1396
12439
18379
37004
44229
15022
54524
55060
54237
9218
14568
56552
43705
71848
83699
91126
38209
56670
23779
46849
56012
19277
93397
13283
71193
44573
46524
89036
88495
37703
81304
95824
38931
47941
39754
68532
90079
32129
52648
90822
50843
98311
12013
30007
37928
45613
44294
40887
82756
60507
85162
18249
81073
8797
87470
4861
76330
49451
39759
91267
94793
48511
94246
53755
19924
5527
15883
73225
44106
93655
79525
14228
53360
76644
41766
40388
17959
36356
24588
55340
45937
72759
54820
36988
81127
82149
57937
90780
83803
47503
14518
25821
90472
37643
27452
83356
39466
72265
82078
26464
60527
46062
9520
98140
7093
66096
96584
6229
18574
53771
16817
7939
45212
62101
66925
88395
68154
32817
40447
42471
9928
40035
85628
57390
13807
57108
86227
3682
84853
68281
3819
1087
4983
83573
70450
38623
36832
26590
6187
38683
40050
13810
68607
62707
81109
89704
43884
26776
2092
19675
85479
50014
41536
22321
50513
47967
36436
24193
