1277
50679
97843
72702
59635
13290
57770
31052
53203
68995
32225
54859
39898
28796
65804
52475
5581
9020
93394
1
62012
34532
33235
16493
86347
97885
80791
61122
940
62143
23680
23161
52852
49329
52270
13354
41395
84397
28018
84655
99317
35404
3334
4001
61327
85755
42210
46041
55268
14981
73888
99565
33621
1669
97814
22692
6103
4666
55180
56222
91236
50718
99928
4595
99640
48245
25968
17144
81303
18076
53269
51514
24347
28812
24931
43489
98701
63334
73573
62533
87425
74977
42484
81648
59995
48963
1686
63589
62881
57660
88293
95813
40852
18517
59752
66964
71055
69239
43455
68584
52073
73549
32314
12746
84942
16717
63859
80036
97765
46294
69698
89398
84262
19420
82155
67808
14095
9684
32885
90498
95708
71773
22321
78237
7457
81466
88444
83786
26394
22330
65305
55225
46444
48106
47787
71767
19210
79653
28397
30833
48571
27171
50971
65741
54869
50356
28825
92047
58194
18850
72094
83978
62727
3087
89491
69796
42400
28870
50374
53980
44682
29541
94953
89908
76615
79048
99391
58771
96490
61957
4787
31435
19745
80938
9150
17765
52336
67846
17353
92857
13486
96124
95933
47631
93257
6883
61888
13012
1863
21119
94645
2782
10324
13704
32288
27061
5749
79763
85905
92403
26059
3921
64108
14400
47780
68974
93646
15054
56584
21370
48944
65941
53030
280
70129
38749
31755
90226
77407
80224
53125
19986
83255
8425
4671
25927
87847
72025
74341
80470
71745
85789
33993
25858
45613
20794
42634
87472
62566
39872
41583
92783
67450
92787
82083
12272
98692
45941
10711
48442
75059
60610
41143
39414
82735
84425
75274
30127
93259
2077
91518
51181
82662
50446
23068
18627
95585
15700
24895
97122
83442
21677
81354
2920
1140
54727
53844
51691
35526
78820
15946
24433
88921
97325
17953
75844
59598
38344
7102
54445
18196
22585
6130
20602
55963
49299
43817
31975
21792
87139
14502
95004
95246
97458
14772
40653
95414
25423
96916
15063
36874
33247
29839
57964
53219
72244
9643
21204
17119
13589
50715
27422
64609
90150
1630
29393
26721
57419
64053
77556
35443
53457
9778
47370
45956
9190
57273
53303
59295
33146
737
22979
3193
96671
64187
81922
85852
47896
32725
35972
29138
36862
16669
86113
5679
45004
1727
7112
88183
11593
42776
86386
15853
81480
39935
79864
81834
4996
39012
1089
40375
44473
41590
3797
96444
29857
64348
79581
82162
43984
70369
41578
4798
27139
11244
9433
90190
31303
44692
53496
20405
28522
18323
15458
23104
60139
16948
68242
43912
51493
90262
23655
16753
20297
23923
27020
73825
73333
36813
3412
31657
64534
38464
80932
66457
23001
89985
23887
6389
26155
54024
19113
10201
94111
87457
30718
41505
71191
66002
26463
70964
13365
57555
74934
97443
67149
22438
6464
52759
38835
12601
25168
83025
91603
39829
6990
30580
18922
72127
18798
88496
82461
79504
22316
67963
52733
61350
23138
5041
76462
19509
21282
43686
7682
66621
72955
36812
22269
34240
66322
91911
14761
52366
4271
86956
91246
32806
96001
3103
23925
21670
96064
99318
93334
72911
93910
6326
20511
67107
27481
71206
47477
74921
29845
30631
75102
95881
5239
95476
85771
61965
28270
75559
88372
10851
3384
62452
5371
36929
63728
51199
97937
29278
56794
29228
76875
7088
93574
7855
18727
67371
79963
7395
66795
8547
45292
5442
2178
80751
82984
15253
61607
72046
54493
98661
31547
33351
26586
83176
13154
48725
96376
70158
60931
76744
76969
69432
50046
64766
15167
75634
13194
65176
26857
79666
10588
27334
73577
25651
61241
84787
48580
35930
68573
90763
83731
95017
95504
78039
44737
21349
39885
34089
69484
3081
88333
24907
74836
62894
21469
53939
2410
46270
92405
54506
32485
59215
12949
88395
89869
88005
85386
92827
96388
29047
49129
83146
10046
27168
94357
90531
76810
99063
59299
67333
81019
88858
8912
79219
78869
61946
93960
87704
96458
18878
73183
11283
95167
76333
7924
22668
74314
48382
52087
24247
45928
83619
79905
75104
47981
79240
43156
43534
7176
97935
17090
31336
43640
4972
73797
37001
26289
90897
65426
40999
97399
57571
88752
51061
61876
86734
19271
87138
12716
48475
34567
48802
29473
12993
7171
87427
92629
40129
62346
17530
50778
97755
43305
26380
53134
53488
25027
25816
66016
74644
81709
44607
92773
6499
415
63329
46922
85483
53510
58451
69382
49852
71188
69884
36547
26983
63562
70985
27328
61987
1695
18703
8266
27331
5050
36676
29116
93913
12338
97297
46419
10426
575
47474
74252
2408
84820
64909
73763
81545
63113
5227
32813
41981
8353
37917
96386
69814
50491
50487
84934
55627
90235
14283
8078
50560
3934
80536
75727
82975
8056
71875
6933
84375
18448
75608
44302
98932
43762
30440
869
50411
39137
78994
60962
61222
63850
46688
73864
27466
42948
73004
31528
46182
77923
77018
73966
36368
11202
58060
47065
523
2724
91918
4784
8758
69535
76069
13572
96674
74818
32581
74941
28873
23992
88938
86348
62728
49417
91733
60392
66839
17245
89249
76759
75333
18421
4867
42169
39007
33676
43556
57952
99359
45359
75550
5782
74035
45633
95568
24765
36278
67513
79747
7563
21365
24276
85329
13006
52246
86806
34113
50089
48415
3819
37522
79735
9850
34858
7884
38189
7168
61642
73405
4977
67029
92712
69316
61075
16351
24948
55335
41511
94580
13992
7052
21015
8274
50432
97714
10922
75250
47923
26486
88234
64128
24206
74457
65460
58729
1928
47106
30045
23628
1205
85223
70354
16165
24893
48217
7553
79658
7371
62848
8333
79768
33274
65569
20206
36868
8911
80514
4811
71816
48552
86681
48637
80668
83183
26766
22278
27927
27766
29179
50059
1207
83299
74530
41242
39382
8092
72431
84865
95500
88537
54482
54334
97346
18947
27184
47098
50584
33605
76246
3046
3229
84687
96598
49201
72685
27465
30988
69835
42112
12458
95026
7928
34922
79463
45936
34477
77364
7959
82266
620
93283
27562
40168
26602
76546
63241
36673
25426
96925
19772
23473
58787
72691
2226
63237
33862
59871
36241
55249
92854
12877
40647
41363
14034
82315
4223
20168
96496
12241
29872
76963
47028
71559
79162
24967
76678
59210
48889
11377
59767
44548
10257
22782
16472
77056
95947
47797
88532
98831
96463
33340
26282
86029
6589
83561
95407
70364
9026
35378
51970
1594
27456
16795
54097
75956
60735
22924
42407
46696
52764
22665
14137
65821
17911
23608
71879
96433
19855
46000
20542
35998
71584
18374
40385
56181
24002
44861
28645
33739
49726
22384
81730
98115
52846
80480
28844
74310
38174
11541
97831
99328
61056
63764
57491
62662
452
94343
92364
74623
75502
61750
98686
47526
59014
54505
16891
11023
18491
67663
39766
18391
21901
27799
70475
5842
77455
11411
55251
70162
35968
84032
99800
36009
12064
16486
52731
12905
86117
28531
72640
60396
70411
30091
35956
2773
43612
86323
73533
46177
50222
16482
19569
7942
5563
85220
55427
43329
77536
23756
28225
48151
88437
42368
43391
8024
67879
18969
97913
83732
96642
59110
73894
41989
49112
4603
93856
32555
15514
55864
23122
70678
30331
77290
97840
15938
68554
20992
76892
83346
41725
34189
40716
21031
13123
75627
21141
20189
11228
1854
74239
96518
18755
73621
21448
64972
4658
1510
98022
61714
9076
20663
37803
57620
16358
57269
54245
74089
30889
99878
15702
63530
78136
52078
18635
35445
82639
32801
74287
65733
91861
27789
87608
35958
44391
97602
20291
78307
91981
51310
93169
8051
18441
28455
96776
63232
24068
62405
93665
39331
10858
14197
37211
17851
30912
10321
29764
16398
97334
59371
14537
64075
51620
14986
30466
94498
22234
49955
96961
4033
11234
21605
83920
44454
18203
55519
15957
22203
57496
56713
57934
48247
11415
13722
62650
76745
46418
66466
11322
60475
38360
6600
76331
64585
85992
60264
11293
39020
51517
49401
2279
46585
99602
80362
38131
78589
59821
41953
77833
83704
65921
63776
16770
73140
13407
74305
60256
79163
16468
21967
76023
64877
48795
54172
83864
78940
10749
11239
62095
37475
16701
63782
63299
54073
52363
80077
36793
47967
60877
27256
68117
36352
41742
23249
58616
2551
78760
23602
23407
