7999
116090
4569
100386
80681
166878
112960
160242
92555
142735
141656
85190
78136
6184
24682
151528
90900
52062
144918
124927
14111
109661
11489
30907
64239
140221
65190
82182
68380
121312
26377
162431
67468
43602
141048
162593
334
66018
48586
93623
160916
135688
147265
66398
181347
8002
198360
24601
169093
1
101691
9091
109634
194054
134891
22026
172026
147868
120003
104577
9769
125844
62853
29880
22800
138288
117314
71322
177271
195684
75393
64691
2143
1411
34208
184361
144409
19697
87012
171249
162774
91077
71795
72019
141356
50128
177879
120363
127953
104561
21527
166200
71691
177007
93606
50337
58265
85909
91621
6311
197858
157726
55679
142607
149017
156144
138483
156867
182665
96766
175303
7501
186950
73329
67808
118110
52670
37616
109636
119090
124814
182747
52925
112781
7017
96555
55433
114181
38824
13182
177980
88804
146124
35783
1951
117669
3526
133874
58395
107218
94074
10862
126361
87
15127
193090
4622
188476
39814
33520
183640
94487
44264
128366
154177
79210
72082
42578
167907
195740
146233
5389
26402
56107
188750
21482
10184
99883
94221
101849
168909
51476
95761
50777
24279
176177
60615
80098
83628
176542
162831
114165
116301
194289
141607
51367
15803
76982
67439
84482
54606
7246
35755
95640
52622
157767
126701
199878
170743
53614
98655
47993
55858
190278
97163
196873
148315
162191
93770
70442
10601
41299
8319
145161
13292
85072
173805
83024
30290
32801
167536
58613
95057
60882
176219
195032
67127
25980
191254
9732
83535
110349
36554
14466
129422
58899
183913
70124
159532
109447
19830
32093
15771
86913
78265
9269
107913
112033
93961
126849
155628
25857
31817
69977
126870
158908
48042
159593
19284
35034
165283
31000
23299
141491
10325
63652
143361
117601
90374
131845
141075
22751
7760
135596
85801
27897
188583
146049
173587
159364
69913
30661
22083
99098
162463
44411
193055
108580
149936
133754
75262
74008
167576
111751
93519
20926
195093
199799
41858
76845
7869
56273
144686
5818
31981
148707
19701
16516
123098
98264
84134
109801
124805
99527
153643
51732
2131
51869
105236
175288
79723
46685
84518
61668
172087
160922
66315
139277
180360
96306
45315
193537
39358
140721
51142
94368
133201
38303
130485
81842
173470
19267
159949
183343
4557
8870
107651
150334
12731
58081
126682
172776
197651
32575
153067
184427
87777
149085
41743
52997
79332
68150
94242
29239
17710
5328
160796
106813
50039
100783
53366
129957
24196
47443
74963
67075
118819
179149
112097
38800
159343
138451
108143
8032
30507
13261
197353
195907
31780
63347
150136
155261
185483
149880
192942
72522
136467
40882
124997
134070
193557
102887
183094
189815
46454
168398
81235
38390
116481
49234
164358
38264
2927
86493
12496
18612
148155
176105
165011
67146
160771
108903
148289
8688
177147
114217
5266
196882
25284
82350
172688
71358
19989
55829
151447
156389
62810
70731
71796
165824
198590
83722
62504
52474
187350
47063
43542
110532
48282
79045
141089
182492
85636
83681
48707
129072
190972
164245
124059
91882
32394
144675
189320
108165
19668
123305
163951
53311
3319
198101
99163
106864
49706
149218
11499
139471
68433
52167
91329
62566
75365
142247
140604
78623
81837
34579
114693
117989
195217
191127
68927
48727
185367
128149
24804
165383
136993
103452
86005
138273
105217
141951
172158
80995
33626
5411
112542
166150
157207
184093
179936
41612
64550
172329
124312
162305
175276
29800
126713
80840
55604
83865
103166
45788
11615
74683
83757
159756
4716
150010
194242
164502
48939
68933
128261
4175
115225
136795
75642
2004
43541
65104
18934
83513
66387
71422
34030
38683
136071
51948
93647
20656
69833
146467
24835
153166
39604
31945
194562
44940
5203
131374
112193
113520
100980
158584
180725
154678
174700
71707
81617
39830
14576
101285
88827
14223
165727
91191
120702
119247
69565
16892
71670
64463
47601
180196
131858
172242
131884
27474
128718
105263
28160
1537
156284
132372
9648
39820
118545
62150
77744
51833
158903
96938
155147
21357
173463
94540
180746
166162
54545
9074
2052
90474
194101
179454
113699
186005
167168
105925
96117
92608
127567
63105
32149
131937
7307
25943
75822
27279
149953
77202
115797
159429
196338
12809
175418
39110
143000
41958
29658
19265
116592
57920
83861
170224
118342
171970
139465
170169
14987
149505
103057
48761
40881
130752
23698
43842
46947
130144
68605
66133
109967
50148
126786
127946
198733
113159
142100
190049
6659
149732
185512
112693
79272
121864
197805
71242
142608
39359
177398
131831
131405
90885
84814
115633
48844
11962
169722
92160
83029
64266
192840
97722
3561
14970
28157
98877
130586
5638
144884
126198
91471
164735
137391
72292
147789
178840
78785
128841
109897
12615
125196
199482
150749
96950
187292
14203
103313
62164
20607
193336
74071
112807
20078
2668
9388
157534
89490
160897
119995
73990
188838
156648
194944
152426
116046
182009
132414
187618
149115
155736
74587
35641
88930
7953
198422
155847
169438
38698
167135
170717
19763
85532
41914
69051
9841
106780
27979
59508
139458
88752
48961
174472
126859
17114
61945
148319
29379
165150
180676
133952
49247
91665
85142
172561
99918
64207
24160
134291
83866
92128
28259
181765
113549
44329
128220
145509
72487
46293
184105
16163
89233
174064
41856
106075
191140
181495
179442
159121
86203
107231
4494
44198
107580
27791
129512
179739
80378
84646
31249
82072
43329
72914
179412
171274
157857
42890
152936
178552
35459
23218
40281
126568
175886
101514
190457
100521
71995
134418
940
75310
87096
122167
87877
21284
10674
159537
11389
98230
4388
51052
184327
14221
126409
20104
190086
27111
178075
195519
5543
173028
88214
176004
43866
16731
169602
72657
60029
144346
28176
185051
119627
22771
157727
15152
24951
19353
10135
26648
183517
75659
94330
104986
126325
159120
33864
33424
136303
111124
88425
107336
38473
41409
118350
24125
136511
127801
100029
164976
88036
170765
133757
144916
153601
169669
89328
9796
133105
108597
110847
142699
125727
59443
73847
193505
104426
136846
70853
16333
7852
55807
32061
91024
130918
1821
113225
3821
86956
122486
150633
197122
68744
148351
106233
42991
39596
71010
52531
89921
136328
61218
44315
106913
175951
91708
46907
50241
195824
42455
18532
176418
45412
59117
4442
199123
124075
118901
28458
5365
82497
131755
116205
53112
117494
180601
62432
12099
79704
15348
97308
147838
96012
967
81890
162829
125874
9151
155856
18166
65681
106830
46006
65890
66274
24189
141380
21006
58629
47471
26702
188804
182358
39222
54027
127243
6378
189856
128271
18118
118971
139261
3803
84539
121139
132587
191243
11164
120901
36016
99054
129849
102137
20097
69293
51043
125307
50287
93267
37903
18513
130221
20442
78022
29489
128468
176170
81002
173273
54594
49226
6342
156889
198563
177386
135625
135285
190318
180685
54107
108235
157060
116497
1702
13681
164404
100116
177318
193210
22601
198412
157935
99564
49885
132003
146561
89619
92030
38116
47336
59931
19354
35650
162278
1362
121251
43899
95896
132723
134385
88149
124867
110942
77815
32823
68849
25570
117765
36930
50631
90583
169617
137085
41351
143729
17775
140358
99804
107927
7282
146045
16360
192121
4902
140359
99766
64841
187587
74910
100416
43115
94067
112450
95490
65924
13801
184783
15849
139921
115996
59431
149798
17257
42598
66743
63170
43578
119839
64465
75477
40161
14810
173099
23069
152250
10433
72486
115544
117018
85204
124582
179691
124588
17998
55010
105186
194446
119767
199618
31083
146363
148945
14754
154519
61161
40093
87766
46589
111007
1938
4403
165498
88198
159097
43995
148865
125329
114196
105638
104026
191187
130583
39578
3941
134771
14500
15401
136666
179052
154804
147493
24363
53863
23665
91333
186882
602
117388
163297
168832
114521
35886
8737
92915
29062
113920
89986
182909
195122
54208
161526
29704
80669
17640
123291
46639
144727
12495
125600
20034
178537
17935
190242
72287
29306
147090
95393
54905
44351
33622
34260
148343
182166
71996
157801
110823
66772
145556
42161
135141
174955
65111
61839
77839
117136
52759
52413
12657
57217
129753
81747
19507
3289
118721
19092
22270
23732
197018
73541
14258
190158
23317
44730
129926
48878
52163
91905
171035
148088
48103
96181
140930
95933
171021
167993
11649
175046
193574
47236
65620
148144
40388
54419
80736
131208
27052
114101
160738
195773
156042
154958
37055
166307
91822
80792
119261
29814
173018
129124
51547
126224
20690
92983
93683
135483
10409
80938
30420
146625
163846
181882
84401
64647
145952
45593
35006
73282
115100
36678
87167
30742
5674
71044
34466
146011
155436
160463
108179
11041
652
26671
30578
38211
69667
89533
115444
155745
166024
131988
97652
54278
70555
143317
74114
69343
32630
130625
105697
86460
30809
133122
138116
9181
54781
56410
66690
125553
27237
120593
37987
93603
93195
74786
68171
48379
71610
104415
172735
33783
122266
122443
149161
60675
43693
135575
117976
14351
142836
152925
109206
7564
71951
166626
74831
123929
171049
9001
73105
189544
6797
173594
24034
113714
135179
65231
56676
118829
161442
32501
37302
48671
19863
111371
8748
90376
40101
178135
16611
9043
25622
79242
145841
116468
102853
79303
181289
190038
170581
74839
164920
127101
111673
186469
44027
147659
63829
177152
116980
152831
26448
28884
140178
179761
63400
180013
30577
122035
76506
156428
44767
162273
110842
127172
129716
38016
14746
34292
12219
123985
96741
117695
178806
139768
15301
46759
160055
47711
157618
15156
158506
194850
187388
176489
97884
83953
124162
61650
86626
16001
11667
58987
64191
147148
111964
189963
3240
135853
46625
169195
173009
115195
67296
73801
96699
189154
1047
112945
183999
100531
3433
18447
58359
16629
176727
74593
191165
132519
139279
188058
62868
165731
118718
118807
132658
5181
81160
92464
50085
39426
26849
138102
82142
151238
164929
135974
157042
51454
164589
94196
182722
99367
195140
105243
143491
198969
169399
4444
169765
144634
34081
141497
198668
62106
47401
143697
155881
91130
45701
33628
16783
37598
137018
101104
184627
56412
1314
2273
32628
136091
167851
28916
177379
177774
65472
6624
56479
189933
158305
39590
146231
186564
163261
136595
74580
162381
15531
157027
143003
159131
94651
88197
188382
71908
40976
76590
87469
15810
117789
38184
167209
196011
83103
33197
191836
157962
12402
50004
59865
191999
82050
89186
79535
132683
93811
68797
146570
102479
32734
73273
15017
23667
85923
140842
136627
106575
141361
32975
197591
42502
68842
93315
54891
150943
25939
88340
196491
41581
115361
24991
5529
16873
45817
77006
66321
176488
195359
71413
62764
81003
50675
22866
114461
179775
65340
112208
60311
192493
13762
31882
96328
73012
74642
24477
70228
159855
20592
47436
178956
121121
167077
27978
65177
115350
18665
156282
94249
80725
24049
70858
173959
19306
160638
185353
159598
10565
45955
36625
56367
40398
144821
184483
164828
37320
186617
44917
33599
65022
172168
10080
102738
15891
152844
127736
13922
13050
11881
133846
192124
168701
64423
35005
149132
21881
167801
13623
187320
154091
5810
97240
170313
152417
117942
133777
175084
173935
48906
116538
33057
192294
16493
192649
93973
35645
105783
117741
84288
59526
131353
147126
127537
4105
169747
2394
130153
140966
134982
33549
88848
125425
193159
5284
136687
119545
162871
91877
123185
111952
150608
37913
187545
119048
20177
20515
142894
64514
104930
141932
156474
94681
186591
161061
88591
65712
115807
108974
150671
158742
182509
193081
28338
138625
71722
149650
113177
64350
92148
140863
197638
180040
118225
168073
60295
7644
51555
169252
131636
153074
129266
115019
188274
93525
49809
188325
113887
97044
6670
84794
19357
76611
37791
36427
180615
4918
55102
28689
37803
90371
178827
26400
622
8446
30368
6326
45487
51696
24844
15422
72327
79498
21562
45648
43636
94810
193
136673
194214
22765
180401
18542
183412
13448
158873
186578
116591
122977
194448
52045
186510
67207
133971
125208
69237
82192
187269
134022
148927
15163
5621
197683
67919
25540
152887
162364
194905
23635
50001
61288
44153
66961
130222
74479
109913
29605
181265
60725
86076
97681
42511
118601
2320
91598
162304
191988
162030
12899
35314
87114
13666
143856
110518
114283
51435
4655
86893
54615
36514
119256
80113
47606
169292
25766
90784
110193
100974
56502
29603
130021
85463
3809
36803
173022
154805
14
57301
171650
122526
106405
39057
44113
83755
149438
101922
194300
13994
23456
105825
37463
8266
115445
192822
184632
197185
17287
198478
180084
75427
7752
8648
177696
109203
32781
14146
176343
2666
113377
195641
93910
157669
170082
52691
12845
187608
161277
24213
37319
3119
6265
166532
87604
11527
127377
70463
130880
134695
180093
116156
30385
38064
29468
97463
7627
53267
7025
97585
72890
186982
67545
10241
81188
75060
162265
15464
28049
179352
147269
143045
143240
50983
5862
58315
86333
21283
6812
151698
9811
105886
198722
104534
34691
54254
128961
55689
88816
120095
101224
6027
75281
136302
79854
53759
171252
146448
183240
100937
67235
73669
134066
193757
30637
51422
50305
138882
31667
24284
98511
40015
157690
180677
41758
25722
12253
17524
120408
193494
9112
127277
127245
30768
105444
164322
53969
117036
166865
86666
194551
27965
141329
170688
56996
52469
41121
55360
147210
20577
112377
3092
187553
38341
77504
69378
114877
36931
139478
40014
154576
142689
32937
113609
2381
125396
125947
171050
98673
167684
197781
110322
129722
104184
158170
133742
66946
115389
25363
195188
79324
135944
175588
154053
141385
101089
47808
96106
96258
133556
44452
172513
151286
119182
37433
91092
107983
13602
4689
101282
187135
81493
63145
152209
36881
84379
55641
72207
64169
93667
177728
139424
11073
33570
83421
60351
184451
43168
169324
56820
63880
182084
45617
11162
62420
151020
19639
179854
62627
176049
66469
82862
160141
108172
192369
11060
157717
105912
187242
82948
50167
97340
74397
17258
17897
54769
193612
164593
9794
13124
14470
150776
149046
12682
50392
112783
12785
145840
199216
101225
147394
154497
54106
91465
28835
31785
72862
104720
38933
42458
118926
77449
120546
121113
26561
89917
97438
168808
17165
60926
60157
91649
63413
72531
54917
25153
73497
168351
86017
191801
197895
198123
10498
43544
42389
6758
82752
130008
1657
180324
155813
9621
112652
138879
161858
88453
100632
25822
198886
4131
76725
99546
150805
146317
132395
5948
147905
24727
141423
157999
69578
2139
156773
187523
110415
83396
27427
192569
64149
168134
116714
167713
114724
21267
29782
38035
104083
52694
46729
20823
7052
152836
52351
132468
19829
166766
105325
69080
22812
102004
153614
189026
145694
55861
67873
64058
56323
40179
32819
13244
176140
104929
179343
90499
97656
107115
107064
139301
100284
122402
68217
134092
48702
105096
94562
141044
56927
27343
495
66739
68457
152818
19067
159107
181521
93036
17925
38941
63357
14150
16909
2465
58297
106910
171820
33910
74006
38872
183779
78378
46234
72558
170306
33379
140508
105052
4691
104917
48309
48115
59076
47923
155688
121763
170472
25035
19527
132906
195010
59135
49803
85122
128602
107981
84537
42594
32596
53125
47519
162517
34330
161779
72494
55888
25048
167837
17443
149809
112083
139375
105490
8641
48007
191253
165223
98873
188105
116252
97288
177260
129757
55344
124692
198546
169378
180377
184752
23347
123675
133791
190303
6688
56226
74911
92725
115373
62406
61543
130309
97741
166337
199786
68834
6655
80047
105429
30304
162271
68525
37001
82599
31790
115070
110710
63406
16263
768
149332
15578
102377
118301
57021
166381
94229
19531
191977
118021
65745
91342
164918
45012
39905
104700
146947
151709
37370
1796
50546
94433
137442
25132
181810
60244
138980
82163
62524
155723
129818
87745
74110
22009
153254
86274
173380
153742
107900
163984
196729
110049
19445
173872
11043
13207
23740
104255
19585
106880
125046
26242
78861
189611
22003
199754
90453
27224
8501
194373
113001
79849
179025
136962
33684
162747
70246
99047
154316
16298
135151
40744
196611
12843
116882
45442
7521
100369
198924
92993
10435
97523
36833
64693
158907
111776
154599
177330
39777
34985
33260
20733
9765
113255
119163
92683
176465
74765
158941
189006
47879
5713
86116
185618
43410
192703
96405
168890
168161
115121
44097
109525
198511
107197
178769
127690
4205
24245
94641
154861
28258
47695
195693
166486
197216
97451
35421
140315
53773
106603
122456
195091
40628
5127
137188
671
184263
67371
113350
59926
52882
68568
126511
180704
6986
23105
143706
166794
60953
155761
16172
88374
45841
9554
86327
152329
196112
152498
13875
19580
120600
73743
175902
188088
107851
45394
67267
194657
34576
99416
19165
6185
76974
197514
69691
169481
16614
153662
163324
4599
188250
46303
49023
160199
150613
47197
132237
21366
191707
77527
20555
9361
58834
26363
16927
47915
139145
4856
15014
134310
36187
139073
122602
32007
51011
16784
30172
198556
134673
78910
195909
136657
66750
110881
167800
192109
185943
15568
88832
189418
154953
147443
198918
100336
51979
57865
192457
82529
116682
67410
99401
1588
48656
141831
161932
97888
70207
79234
113105
146224
43647
105601
39906
178197
135704
121
149868
25498
192098
103753
107141
136684
25218
24202
66940
97412
109111
12324
68581
105545
88243
166366
175225
67485
7429
20472
5793
91075
110439
197193
149536
38054
56998
22168
95425
99712
74978
32891
11724
167003
23553
168837
56429
149374
80633
21043
68492
77310
173612
178503
8627
57517
43726
166316
112047
83371
108516
7856
102357
13800
74854
110525
99810
138978
79651
121743
2483
15487
85148
153204
67628
41273
74142
55603
25827
171355
90814
193207
172092
47660
181840
184075
116160
118357
22582
34061
10592
96097
3399
137629
183535
11486
45154
61583
195936
24903
5149
45395
94135
57338
32145
32882
77010
132972
41676
134389
55278
90260
82327
143927
47951
61640
111637
135928
2928
196403
58891
20075
119750
195315
170147
26621
104964
121151
24945
44858
182635
125995
38243
111178
37093
157803
78648
108689
63012
72618
167963
12587
152859
75083
104718
89777
120521
86484
30169
136203
156755
170970
46224
154864
66514
129477
33041
86060
155097
183738
83562
58166
113469
85132
180087
40438
70252
66405
53506
119987
74539
198851
169218
193641
147203
142675
162398
37634
127951
67940
156904
176781
90786
80983
20367
182547
151846
61812
27073
127421
193617
196430
168866
15677
131684
55541
100876
39133
36163
325
81522
6782
65905
24866
12421
139911
13741
69250
167981
192539
39717
81203
46513
46980
40237
38498
33486
59827
190201
195871
158478
24834
98272
179808
55960
79903
155679
25970
135005
49629
16900
104834
92705
124873
138883
166065
187528
112200
37705
45354
64023
129531
180906
31400
35242
47001
59767
122107
78046
51839
106199
190351
45021
145203
183631
50310
96223
143227
164338
4861
115434
183035
187966
161167
103401
196817
182667
35431
29637
22482
71270
110341
46021
52728
72202
155145
145506
167224
140855
103571
5007
56249
41477
60871
58564
24495
160014
184108
134818
13499
128232
124048
125013
102211
12023
14976
73542
154808
103096
44450
18726
54449
33793
65604
150585
138997
102013
5953
116665
180947
82482
186549
42878
133962
69551
23183
68337
167523
164144
125582
175825
81073
150036
182992
104045
100818
3690
111497
128008
69850
158212
118831
92116
22971
194929
31115
130287
66273
26322
198790
16445
58321
98972
149579
29587
145881
160741
86286
196476
142994
18648
197105
165208
67420
39867
154551
73691
23158
114364
15055
126411
91860
26597
160165
64357
6941
69607
32591
155170
180938
80102
57986
193640
88278
153323
174339
9103
82481
130188
8961
67986
34848
12162
14113
149346
22158
106762
14357
117417
13470
69608
7591
34126
16787
90901
119123
101928
72484
166636
199540
2515
25406
36423
24651
14085
169595
110819
75931
129232
130190
10703
65180
199651
74341
8169
22914
133793
10581
127605
13409
153451
84861
53490
24610
87043
199772
140954
85409
95625
17196
129118
103078
144121
52227
176171
74509
175132
194167
18923
185308
108133
25717
54468
114185
109545
48515
124753
188453
101
194088
75799
109611
60179
135236
120484
106351
59356
160130
86470
21421
156522
138878
68072
98581
133160
36449
172598
360
181470
135611
38969
74882
148584
107734
188457
130945
91309
97842
135271
54511
111041
41963
42828
95541
17892
105980
65321
124395
66660
56533
131299
153611
121984
136268
19329
67177
23425
163908
176312
172249
128376
155124
2011
4993
117033
108365
112141
102713
86802
197991
57929
198986
585
51452
5243
31942
76405
167198
144097
148482
169136
93871
97201
34693
187826
12903
87285
136995
179945
87357
85848
68671
132721
8149
28471
103271
37144
41014
4703
13242
159997
16653
152714
22681
19552
149429
167261
129742
72252
96398
28240
165540
136804
170931
25466
98249
166897
183282
172007
183435
112482
168731
73701
186506
179706
132962
121817
25762
139054
121102
162658
125679
152046
18491
51664
38786
94502
116311
112098
142962
23409
14374
38639
94735
114232
49551
195259
17223
52597
148080
154869
138548
58180
142936
199096
112898
65018
91211
75127
80280
65791
128067
148076
196040
6220
139609
133204
157012
123296
39150
120955
139765
156527
187453
63933
25327
195137
36197
55574
93932
150709
28810
53796
48691
185653
73348
68315
10307
148563
191329
114483
142297
121602
178993
139879
55402
145445
66540
2418
159323
51502
83834
60398
28420
28744
78930
39654
52522
72596
82001
148872
2905
104811
191011
104182
172209
154744
143024
170621
139426
140489
21004
156897
46394
40337
93613
69998
85575
21508
188521
23333
66800
72882
90915
150465
23506
163203
23269
27700
50446
143908
128792
191014
123821
186745
121292
124566
123252
117630
85926
87812
106584
93638
79765
184067
138889
116042
104601
112010
90847
80213
35726
136351
138413
20087
149621
25250
179284
55157
179030
48482
90451
108312
105705
70019
169253
34523
65353
78584
147764
31906
150571
32780
37638
63477
150707
111261
105573
27078
120465
82321
150306
72075
74037
48847
39803
174173
75367
148468
5531
129715
144496
93386
47541
58969
143529
92966
53204
58282
105501
98965
145735
82348
122893
79401
101356
84220
63887
60991
169099
183107
113237
79728
13223
169474
183204
58752
3658
61921
187347
100229
120085
51660
36031
154855
155146
104471
30699
148442
183347
84321
192761
127108
123306
118039
128619
57533
63027
49810
171399
109455
195298
63944
182335
129740
41372
92664
197377
165058
42300
109208
1679
129706
140684
63241
143506
1006
17202
21510
84615
169451
50994
124453
84572
183587
129162
40279
141057
147079
100966
116952
97140
75588
81874
86720
130516
71364
173951
84806
78763
52002
155224
68786
34726
109924
159938
159714
66162
124565
156912
153101
18333
169167
21708
2113
80545
71047
117384
99787
45647
58372
6511
93514
127622
176292
80969
176961
149421
112023
135369
155216
196649
7976
198529
137519
52432
149648
104517
70046
184426
15520
88651
146557
85
14935
164142
37214
157373
10128
146264
72172
135309
57377
194750
88563
196245
59097
174607
18914
155947
15495
69989
77703
35407
21537
61465
50436
85913
131753
100541
97686
148453
185264
90623
86047
20811
70891
194758
79409
31963
24812
90666
81042
51641
140097
12543
169422
4891
89874
21074
83289
53761
97830
26081
109517
52381
177211
182819
6717
149098
118820
37769
24461
68594
87651
74497
111243
156907
6531
20077
183053
169488
162131
85763
53256
195345
96242
75130
180815
83829
116053
134396
190641
6109
145011
10859
48654
15243
94006
179295
105110
81339
84196
164284
174882
13347
35891
92596
50380
146986
196805
15457
17094
144075
39266
34521
103768
101345
151789
60511
23404
188830
93147
109876
81784
146407
18091
143481
54872
13396
139171
5650
169117
132388
193403
7701
145302
25351
178996
32650
4309
151974
173162
179468
124284
162270
159691
146692
107077
58375
6633
46566
1159
24025
61529
102979
37399
148650
82453
27850
192380
88657
61845
34563
168702
184251
193129
5592
7393
136766
53681
16055
59444
78931
193642
22050
93977
168562
81801
73628
194468
1126
149003
139156
139693
102427
124686
6433
101305
73894
59962
19513
137665
78196
60277
482
13365
23744
94852
37871
181939
53333
138803
8982
99609
2395
84161
156541
176538
162370
49221
94351
25312
117183
39226
93025
171282
149052
199927
52281
117923
99617
84505
110171
181789
45096
38192
17428
107919
141330
39436
156401
198440
103667
39712
56711
33306
85649
45343
183394
140307
74149
88109
74499
71789
135765
140337
162202
171648
16174
34924
109107
169325
2378
4041
52315
85753
111898
173247
56981
44324
27747
27209
127011
1854
52856
25983
152732
51144
18759
191885
32583
49607
63681
131144
10086
94828
21754
13939
139258
71611
166769
158636
142782
155658
108511
195898
120439
80838
163350
42660
174582
9191
56890
10015
86264
49641
84061
43235
140888
46361
157417
145147
64652
44449
60191
39722
83481
9016
19546
55242
97039
37108
85061
30595
119417
129148
151755
123363
187364
26689
122132
82420
195029
16806
11560
190462
55111
28292
178445
32706
119558
35659
443
197696
175070
65828
43108
71365
61578
2857
28662
45890
57374
17285
46009
51429
12684
66195
170922
4121
59446
175916
187803
41632
21115
13073
87581
1379
110221
66912
156525
167174
114678
147169
107841
104861
95067
110354
20038
6741
18402
17053
134917
57175
102251
53920
153458
77959
129535
89618
149618
41559
74187
49491
178106
92732
42099
181876
150814
27824
58681
137845
70546
86159
171340
159587
160745
123301
34684
143984
70302
109922
63301
159023
49603
72701
80225
26858
160525
52058
153054
91196
176717
91835
57317
2479
169015
128533
166808
87377
12688
90138
92389
55148
19283
79246
50848
115541
78561
163782
154494
52908
23111
187015
61705
1633
86307
67058
138302
2593
40961
88904
190474
136840
3441
164562
189786
164363
99687
181216
115259
134589
82986
118666
54429
40494
128755
95462
29883
162118
130378
14136
180202
96999
180272
5622
12995
3131
127388
174378
6358
14565
4345
134344
151145
100668
18131
103751
112649
124343
180886
31110
199235
170671
100043
44362
170407
48882
190496
119989
2762
153752
57392
113473
194552
5187
136887
8619
32291
97300
117724
15006
179171
47397
102133
51649
199835
45734
166104
111662
25867
104221
90532
83618
41450
135335
62400
157825
153938
186263
93325
91239
103640
55501
3774
31510
75899
52483
2892
1253
62148
136767
3053
150354
173371
104993
140826
137272
30009
47326
163565
111055
32658
3278
73141
4363
164367
22014
15049
87961
150971
91381
39455
146709
81443
41811
45158
161812
62353
25142
45984
126720
132945
132841
185291
78689
11738
53310
137013
69097
160140
36477
108786
77255
34155
159939
199321
118245
117698
45157
85354
42380
57956
79673
69283
31200
64566
178845
8211
185251
36001
109
196062
84605
49384
113369
4081
195697
47422
16334
149215
56897
127681
7003
25743
32993
28839
139357
168446
48566
81825
117791
39629
64103
144684
158573
177498
185831
5212
2178
182022
149047
182053
52671
117769
58276
154772
148497
137469
133949
137509
57906
106134
126975
46055
184417
188286
176416
152680
159793
69813
161156
23607
173917
50503
75860
31105
199566
37417
152654
102299
17112
152052
8065
93960
176459
59950
21980
132114
76361
94688
175749
92019
164980
34674
528
27819
161856
90818
11868
73266
163055
134761
40682
99007
186060
181452
127721
119107
81048
66272
36861
135720
115941
49323
20397
54613
120743
191343
11174
173015
26461
129238
85666
136861
28720
1547
142758
26023
158230
99123
161751
90142
146875
183683
99801
164549
1861
80979
180132
144001
177542
92243
128921
28117
88603
116844
121518
48270
4890
81610
51004
64050
153005
123147
170103
160133
137934
58336
151193
20521
68721
105846
120395
125446
186901
27707
135924
136933
181387
155048
60874
178284
80089
37759
151441
174904
25619
14189
66595
93268
73726
129479
37028
33291
81508
152197
139360
19983
1729
121562
2505
145675
95667
169459
47248
74005
135168
6844
54319
119192
167408
158097
27919
54690
107052
54742
171512
179458
169092
154485
133051
178603
19295
159484
102811
79799
87575
23157
46737
76177
116473
88176
139641
17133
106708
185338
32428
172586
130120
139673
41130
37883
129765
69134
5353
40841
155217
28019
25279
62947
125695
50035
118362
199873
128110
85169
80580
64076
2006
4343
58838
81198
89345
35436
164190
89016
20271
93942
178315
161976
152763
158171
185380
161035
61871
129463
25278
23766
182189
27487
104124
60525
32622
177332
183882
7756
118607
100553
119774
135080
93545
197259
151491
87638
159811
137742
31481
90179
143963
116808
111283
196632
51642
68611
5002
109014
190709
65598
109312
45585
133884
50421
48920
77653
47589
160089
69803
163162
172968
25318
37517
31109
84625
168862
153725
22182
158143
175401
198372
185443
124636
190103
7389
60841
149553
4269
57013
45722
60329
60333
10825
82610
52384
5552
61401
185706
39026
138424
79945
195451
191581
168175
25267
74283
75560
138787
29129
66662
100450
59938
54366
56161
81043
14483
141225
89095
57313
186508
104238
197542
128347
146114
187551
76962
77240
158689
170380
83571
138005
1747
23878
68909
40435
186757
51661
13937
49465
80924
154255
107600
26763
9424
24323
143641
57225
66960
68653
114078
130865
144205
24178
179334
29849
146752
113646
75727
69693
192958
115428
96047
137305
134882
71644
127852
101935
94591
40927
98005
122569
2796
11879
102191
62056
129702
70513
180726
84409
85334
88415
170617
60188
33090
184183
93074
100034
68466
66385
75797
145205
183407
113068
174507
58990
35727
17560
176934
97291
70026
106325
20875
138909
171976
74113
119228
122287
111421
107298
37535
169573
87722
36566
22069
125813
70660
111870
90637
123566
110529
173053
57827
146867
24402
170506
107617
11521
26900
29401
1981
94501
17881
5832
146663
71536
21210
197095
70716
66174
2405
157674
153667
148104
22597
64273
142532
118134
167604
122851
112587
92899
131095
179603
62562
196201
95687
39886
69502
159529
171908
70749
173956
44163
24010
101028
133597
155366
22814
28955
41088
167296
17263
151951
100533
184554
21775
188872
199869
123064
129006
49189
127306
116716
48362
895
126817
25499
2079
128215
126165
127339
54846
47481
190529
142409
148025
65759
12585
105122
80852
21329
36056
94267
18382
54237
42207
94339
134495
58519
173043
77242
148679
140274
102775
184945
61651
6227
110749
70953
1085
142153
52793
7693
69672
44471
8785
148406
179169
76000
95867
338
56933
187771
111794
53306
19122
184546
143200
38277
40677
128449
8908
153954
80833
43572
19180
11470
82966
106478
88835
93475
95946
131929
131935
90393
184969
73409
29741
138923
48260
18206
85521
103821
198446
110381
143727
66164
30996
11854
144609
64297
168181
38547
4651
43880
180456
8559
148930
190708
8322
21219
59281
180247
150651
25028
56331
145275
42741
51012
189138
197908
80672
82117
58921
98633
169810
84252
187801
186559
20165
158966
125354
71439
38010
54162
103005
160931
43268
2446
172818
142093
129719
103818
88961
146460
166953
30392
119176
116416
193939
70741
22615
91451
182972
82565
106447
96421
65033
41962
100005
58979
77274
71802
99002
40861
37388
62381
4089
30751
32849
92814
131729
169122
150173
17289
64497
81582
146873
56778
93784
185066
190137
189309
10942
131101
30675
85202
34768
13466
42607
89218
183051
49466
58233
66393
2464
153062
36136
41401
40693
87853
130373
16963
71569
112355
91180
156562
64645
155001
72581
69119
39432
37600
117196
82738
44075
104331
196472
7199
64873
42695
23428
25595
151598
168193
1087
33827
29469
15789
79860
94239
32382
196706
115137
26726
162436
84673
107744
71629
116521
111148
29551
26562
12802
42522
57164
31537
160322
44554
83864
51843
59109
199298
83738
93480
6382
157013
9650
189983
195236
28969
15432
192716
177136
189357
22065
122991
77446
127876
71761
16381
71355
96058
32094
114820
19403
99326
39002
80457
74180
37080
114446
131272
17183
188887
48793
148220
111930
50480
83986
67797
4016
187993
193286
136284
27882
154602
28002
187076
128861
190411
154390
50961
147326
149989
176362
72690
61164
184676
122427
42955
177601
62041
149627
152366
80460
62231
62395
172564
128499
195769
156453
45338
130561
23148
80524
119398
171319
47243
141824
167107
161853
150392
106429
72599
12741
8546
58502
13213
145453
145016
124406
154545
35943
2086
27057
133458
22915
161642
141883
22427
40895
130384
114815
55259
66623
180866
185528
195355
46471
45329
22452
193918
91854
164102
185371
122504
15178
64660
177439
78869
37238
57028
23524
94896
176644
42922
4931
89531
27275
94032
188309
80923
25043
128884
191982
37194
107863
94886
170819
172316
60183
167534
50582
182611
29615
28826
4920
77204
90429
26922
189984
135606
169297
157002
33594
90522
149197
181845
38689
192470
167293
150
148199
93046
77012
143401
53468
18122
120324
83578
168515
56207
59617
36000
100260
32066
163077
158486
9895
115435
140481
111345
164846
80129
46337
138626
65515
42779
110032
115774
188506
62332
125143
93136
29328
59629
180771
174541
85697
118232
33931
134224
192904
101769
21959
139358
85683
22250
155939
8205
159983
58965
24428
109261
152525
78485
189730
148203
75362
127899
30510
178209
111449
69315
124454
128748
193700
182179
129021
122144
67937
2041
60448
102233
73533
114347
18393
100122
134993
56672
65574
21728
2617
34383
174042
124781
16987
170034
72386
137940
40581
58946
113124
124169
185993
86847
64290
45393
165578
68664
36726
57027
152022
69170
147128
16676
130505
43244
88000
22399
39752
20326
195287
79837
163949
99982
147336
175035
62281
150890
87671
86022
163473
1962
41666
139575
24156
193244
71049
194093
48356
61016
167649
57289
6150
42291
139698
29190
50168
183424
164433
82303
60760
111333
6950
24764
34396
192004
106244
130706
96606
79789
180193
23241
7299
31065
47566
131243
163481
37356
170813
137355
196200
182400
96851
46554
114823
57395
3753
195061
48991
165797
36786
196450
118993
177862
120642
79026
67677
75402
168270
22705
8787
108533
69398
16607
30475
98403
94831
147304
12298
2353
168324
70862
51301
180640
59727
133892
97691
163366
186361
26981
119240
54055
7262
41810
96212
82053
24901
63036
63152
19121
176310
82939
187949
63259
100804
184007
178343
76388
192937
120299
4224
168683
185695
145587
98296
164049
46834
10205
45507
87943
62283
164057
64001
129149
66918
102761
153791
37469
112872
32208
48179
158201
160129
121406
114143
46412
35205
169441
12656
52404
102333
15290
168117
12630
74896
115135
159401
95323
28910
160317
34824
98382
106620
157645
98170
84351
182585
73829
9493
80121
84882
102874
187107
64578
106329
197457
39635
1072
198941
131287
86896
139526
64381
125139
143391
73761
128551
72025
93509
199462
174484
64382
99193
178664
129295
72584
26338
139511
51475
42517
71881
132653
127261
102878
139807
168261
89700
58639
184178
49914
84199
146257
77098
12207
45053
130452
123286
61580
50173
42835
53104
13296
187219
2478
141191
172972
36280
148695
70714
56258
13437
117521
84578
108686
105409
105522
25534
184302
61453
49621
158685
18245
126276
160819
15237
149437
25747
22501
72802
32200
49393
157096
118752
51272
164326
73383
180226
185236
140650
124345
15802
119776
48875
40094
165572
70995
51468
67379
66429
193270
28749
45613
61641
66670
35699
10566
38326
5806
81364
24660
25709
115990
130716
104748
24732
112366
162826
120509
50026
195890
46640
193993
150281
24006
99780
115974
110852
44937
150732
167706
78943
52152
132332
147700
141050
47250
110136
140208
107410
71025
107131
111943
42652
98115
4090
12211
159338
119197
119115
186941
137028
43511
132646
1959
6754
111210
11323
75600
29856
135262
37686
30542
106469
9800
94457
171448
139486
54760
75223
47393
145107
128706
103207
147608
36434
96959
167211
35083
65245
9805
82769
154977
24024
190407
97401
39770
152515
45450
20068
127933
161732
63801
37423
46727
94819
40737
35394
36033
158400
10525
100693
22071
94009
41953
137750
163391
61373
94421
107253
142515
83570
160553
147876
96406
163983
88722
104269
43212
157039
27642
186378
40592
69217
48777
157587
144873
141260
108459
18916
70729
109957
157193
81901
86919
23186
169463
75781
102704
122248
146706
170589
174717
88032
27055
163616
13401
68625
194407
68903
72929
155600
55227
114946
42495
189239
29413
163441
175026
193691
181613
44686
105518
84688
115297
10145
90541
194743
140763
96877
175036
54409
56029
168517
154119
101709
81817
139662
40229
86040
88321
131364
45041
123536
111591
18964
20980
105361
20495
184297
51493
12980
23714
172058
169688
190803
101929
177161
33695
26250
32166
38051
29755
56963
127402
40938
100081
110466
163062
70565
26054
102868
122058
64896
4705
114400
175636
83148
167955
43681
7461
66329
162326
115198
188570
66576
19405
95833
62489
157241
185206
183802
33858
69994
101127
48057
150652
28281
179650
187667
59419
169417
123401
81221
187228
82655
67762
1079
158569
174870
121093
18284
98603
74953
104969
77541
27281
114423
130926
73696
52506
43273
71107
112584
150944
24771
54361
74311
2246
14051
24932
47162
29163
56938
193083
38394
104120
13389
150029
116123
153163
11049
63570
121114
48163
78704
7196
134896
189572
104344
84090
158202
105781
145405
180647
199797
29040
153751
180091
123333
20774
122088
133488
118880
20762
135284
68895
55158
193453
61393
147149
124519
6204
16992
169182
194624
31953
3302
206
103532
72073
73259
110748
61520
46891
134395
187932
143931
194951
37747
52642
176484
177932
167127
196536
139843
99793
149378
49624
22986
86056
48511
115449
56732
5579
15003
9585
173868
22939
42702
59059
48611
11539
17711
67045
169289
99217
182925
197617
15829
46070
53078
130288
55721
110178
84556
12107
2641
6977
115158
145741
67067
159288
39112
156087
101651
112005
68961
88604
175978
189047
76685
106554
114057
128913
119675
153541
59845
126851
90980
38576
28842
716
196907
188362
95453
88866
4
88037
59936
132984
104905
169263
164710
170324
60997
71369
88371
112787
99749
72004
94350
133344
52197
47517
162609
88465
128301
87405
45767
166861
11476
75527
101044
88662
161729
153098
31825
46036
173803
147552
100990
106458
46676
53373
159901
93615
46544
51119
186408
97299
17785
181178
77664
143277
135739
34346
88018
173215
45369
147377
159282
121665
11654
11713
13832
32142
103877
86082
77419
185715
71849
7652
57617
83190
1602
56749
185881
108134
101323
197978
88305
178083
7587
157555
42884
37004
170013
135661
25329
27955
139522
162801
146865
122855
16642
55598
60387
26447
29679
68884
40223
94279
71297
123465
2135
27552
1457
135205
129603
111709
188623
143561
22534
130991
53359
45805
72877
117733
129200
3204
175259
114274
36220
11935
96583
199464
158812
125161
85873
166386
82426
9844
77265
80622
71856
173082
146099
60685
68584
3338
171198
53743
60603
149491
59630
118817
31959
156783
76382
54389
155702
172804
92740
48038
29941
96558
128530
101578
89493
141285
119585
148210
131450
199745
81852
170540
31747
38272
88405
138051
198574
110901
169005
183996
94426
192225
84131
40457
168095
68768
91906
49744
104146
176367
106476
178569
14008
4818
167208
45559
18027
101545
126090
19289
88066
81892
84387
75654
38259
113426
169997
160535
183521
81014
21411
194822
158488
188978
8581
35473
34741
16669
111781
92377
55217
194024
54701
63056
163294
191461
97554
74985
5597
140687
53537
8854
81847
171486
92074
71390
16441
5015
115921
48089
123761
132586
167609
170154
124904
66379
173595
188803
52128
19782
123452
179066
56507
149610
123462
129922
44330
117763
20349
197641
17361
179143
15977
19758
190640
159321
95423
191652
34271
161451
158005
110951
49745
70996
96800
187001
197612
163864
120997
111538
6568
50643
170401
31609
84757
57714
117877
151094
135775
191577
75411
128331
66863
143468
130259
65318
59276
173693
13193
55786
123472
67739
27306
98483
158518
79949
118358
136558
93883
109383
169215
175109
184230
20707
159190
136254
10453
146219
88869
10117
3313
3517
74645
75211
12303
71018
106189
14507
141712
13331
164129
161123
107827
135001
7144
34180
180349
79194
56721
62850
129969
175411
195147
15529
96246
111441
143137
7542
70323
199883
55207
109859
56841
92248
58771
162689
197753
124717
4601
141257
163626
57508
21479
152665
121592
146910
98044
2103
129411
185607
88268
191290
13209
10509
11263
149151
40575
153415
125615
47438
149897
10479
20090
6236
157716
117044
143183
16261
160721
83146
36681
39357
130468
50249
118130
100691
84674
149476
60320
77225
58591
32901
199801
122346
80133
26535
96391
86269
172725
43139
103427
30462
165909
140442
158986
119938
24979
166274
126287
31345
15065
36804
77079
95486
101404
9640
93558
112760
20089
22860
1960
164381
55382
124116
27259
174679
143244
14925
67062
136600
87483
42680
12718
19330
54845
63143
79385
37813
151687
149436
97562
42386
166962
16499
85669
176959
16981
35665
178433
197345
87762
172071
1889
30183
64703
89172
161683
172855
2215
12627
165761
36350
185556
72979
36481
47925
132973
73976
90090
163188
96868
127965
79842
37234
45901
69544
95871
37217
58242
126532
59399
77029
35050
191606
117886
999
26588
19981
88353
36618
87636
15882
77637
168183
86764
19388
123592
100007
23495
99383
39217
132769
160876
14629
191487
111514
177325
185797
50673
113485
186890
20290
23798
88063
120300
77868
183803
21318
132734
6822
85612
35572
173833
16044
42278
17646
119430
107061
21003
155893
69423
72397
18394
22547
76807
3414
127547
23632
29562
11104
162670
124911
5022
74858
60547
152912
170834
188653
100529
160598
69239
69911
84719
171965
157282
14993
1370
93522
98963
115683
6491
194354
178498
151073
28159
198343
12243
194345
72251
29869
82471
1571
164771
81265
3737
32397
29555
89701
122418
5319
198023
34669
58568
191287
108325
53595
140789
73844
11846
77174
141381
82912
61262
73962
2452
70517
4088
190226
122268
13614
42486
199860
126474
104072
39041
102534
55450
99679
55762
30955
18261
111724
153405
10113
177145
159391
93379
1254
141782
119178
5067
57553
157163
198199
93245
199609
77626
14191
41936
145031
63788
7811
18887
104372
30544
136291
174559
63407
15742
74579
80597
44426
49371
160453
21893
29991
149817
32830
22677
158580
119908
177442
123145
129450
167864
82277
165084
106037
149287
56891
5458
189552
164607
75195
129562
119659
77680
48945
21436
148733
34009
17485
121638
70348
181085
85252
160008
93575
46162
25134
68845
152437
20586
179667
148330
187032
79729
155262
162793
53378
131972
115131
58804
107148
39114
7069
55017
164229
36027
30163
151468
35076
31641
37807
166900
155185
167475
74260
148024
41344
117356
93580
6254
14692
82689
66518
109211
36593
43985
16166
34453
19181
16119
144216
63409
46306
187830
8859
136920
25794
37829
28051
149200
79003
21790
189529
48839
160112
91421
12196
126644
23185
140012
127552
197850
128490
85925
146707
6764
135858
150341
812
11602
84655
76777
27320
33758
27168
44363
95304
174005
140113
185292
191101
60920
119117
17861
66619
116532
22052
167320
10750
81485
136647
36810
183466
195465
90250
93331
63803
154092
89124
162729
93719
110406
88406
19458
51675
188115
86671
136107
117005
66496
123829
5435
46411
137635
74178
164611
86406
10798
41185
27294
165144
36534
147074
54657
43032
140320
100950
35184
36613
17746
3425
89349
125928
93857
24538
3537
124502
1475
69035
169806
57316
195271
180241
116868
76562
111685
85439
45481
93190
15611
138642
93223
6697
172240
58433
55936
40403
49019
87887
135667
9461
547
87074
139053
171469
96169
175509
76784
187863
176636
56057
59170
160821
27842
120113
3644
67860
49884
15246
34906
37321
55627
17176
137760
31890
72491
31581
86170
29597
87115
187435
44823
97597
104844
186450
120134
95606
52869
133751
36292
150401
89302
155213
58520
23032
40550
163756
14558
174145
91499
119905
179275
64030
114979
56608
10619
123356
17129
68391
5250
84599
177277
22110
4517
130467
40799
52540
64157
181186
66491
9853
35656
168595
107911
85883
152513
152422
32953
83021
85496
6902
100209
24954
55071
70417
1418
18022
186109
138936
78737
153834
162792
25734
22514
22238
165492
126398
148401
94950
163067
14211
183899
139447
71931
38989
139861
146909
154080
142045
130277
169603
126990
87477
158435
194172
28012
166616
190683
5801
10823
192321
182231
35916
74804
88533
29376
83261
124995
50953
5505
182381
63179
196504
80898
134624
169889
170811
70938
45567
171094
119925
154526
60095
189317
106802
130691
146374
26346
16511
109565
157602
87124
183713
111454
7015
53109
53093
191462
6072
148491
150220
140380
8290
13771
148057
76326
115401
62094
139806
110315
12600
25447
158043
145777
51381
69990
106179
9302
63751
22246
130355
109628
3150
170230
86839
11839
77071
74172
147373
35445
103741
80821
83683
32436
13001
162700
160642
133471
169723
167674
86627
20108
184848
31705
90793
105131
166591
105571
90721
56464
186419
85258
7371
84503
118423
144123
27323
39966
25842
37475
140860
5849
191533
91580
22164
38613
162414
2448
99696
193351
137772
14713
2125
49865
118306
70342
193907
45616
77196
119805
141094
141670
162403
41510
153162
18036
154952
176095
174938
93726
157474
7608
26662
169281
185281
53921
9713
187580
63881
21196
191038
38346
30741
48067
143827
94897
51262
163209
45010
30361
63900
91597
10345
53403
108471
29929
79588
121670
173362
96439
183103
24252
92505
17533
16998
143539
92838
146281
136070
174816
180293
73528
119535
18874
14021
14231
68689
164257
26208
163194
49268
136451
187621
22203
158455
183207
15102
178626
571
161761
9310
67852
41268
95073
45198
27779
111125
77652
47731
33481
30989
157585
63960
61961
2800
68861
99675
99191
94182
168110
67662
40074
98436
66060
87441
23314
104914
38172
149712
130584
19171
171447
100110
101607
129595
173878
40324
50234
181633
105443
21919
192626
87985
171628
2066
59064
117127
113410
2461
186096
60966
134119
28714
71009
66415
154286
106434
105042
123139
59737
99936
138964
84544
85967
130341
137293
55988
7595
26046
47389
121590
27396
40088
7243
59775
103625
139359
130891
175334
34945
123599
115039
177051
90973
11040
118896
183359
151892
108662
151814
59567
93953
115696
183206
79577
20703
33443
156024
140387
171810
130419
127925
51271
99137
194068
69885
179039
37912
83193
105701
101737
49280
76037
94722
168353
164032
62131
39637
144865
130637
15289
130044
20409
180305
24083
38604
85877
177623
141108
179084
119041
72762
54609
162262
191418
95773
110514
177275
35014
96431
2549
198746
146382
53262
44332
82342
37967
60849
159895
179045
4284
123324
197947
89213
178671
5769
77308
64775
55150
23588
179219
103213
134767
122815
11719
80410
169412
159301
44433
4326
31529
98597
52842
115170
84232
183816
73585
153782
58088
129011
9157
129026
66479
35520
115537
62155
6006
144019
126151
3573
147103
177026
74909
125108
6330
144623
60872
86566
68821
104037
5572
139822
31853
56242
16644
8451
59296
50829
99237
151228
130457
171299
27973
91755
78730
49507
91869
90377
10875
66421
140832
145071
114566
107949
50835
196629
4941
18010
36329
196165
116098
100139
192387
40097
69907
61200
33151
37788
139050
157104
7116
15731
41304
3135
108458
151135
59332
20487
91528
149826
75311
166321
95910
116135
190980
129666
97728
32258
125506
103643
22498
82177
119419
158724
190141
185462
140751
188245
25605
89431
85481
158722
112683
195232
174520
75284
102769
150607
131233
89706
182729
57933
58022
194776
20525
57309
171285
38103
42503
22201
85131
34027
158896
80676
50883
131343
31841
20069
145286
139105
57968
38601
141829
69387
148255
79795
100302
89119
4011
59823
183689
57712
62726
176509
29434
715
178328
77671
70918
30832
73441
80498
67843
105281
20425
36025
113164
59977
106853
44029
183928
126279
158634
182978
73537
10635
163668
6562
120212
56907
142729
166207
14989
19816
6804
36953
79236
94605
37543
1528
187900
14815
10306
186834
142919
171051
129122
3490
68844
199865
10477
6652
147745
39561
1584
118924
28891
21553
123701
193864
194181
5177
165661
191685
19083
195995
170976
100060
48624
101703
183088
10310
11201
138331
31541
80200
60205
26130
65424
158693
170956
197196
150825
109899
67372
39580
63811
176975
18373
56578
72645
151915
126457
43607
168012
33287
167461
65678
86761
149311
195003
28665
46024
89478
7767
164161
148981
92193
159776
119521
65855
194014
175905
115099
191473
66335
123986
66870
15376
4826
85372
13733
136099
67406
194065
93877
112665
1688
161011
185575
145335
3661
84018
107710
68369
28369
107757
83074
34718
118162
12592
43249
74314
128001
28769
176922
183114
138086
41748
185983
51596
21415
158766
175901
147243
105650
4073
56594
58955
37301
27513
178894
25379
198105
99985
76143
124138
9961
24113
171064
31146
177466
3597
21124
70770
51039
15971
178999
125836
64731
19457
122829
75590
87801
16116
141126
88772
89688
102797
135946
26841
76933
108656
26993
16030
128843
144973
26881
94920
6642
21994
176454
25519
196509
75928
47531
155223
161511
21711
139384
139643
71058
4674
109795
159468
54243
91021
59586
185829
10777
152733
107372
32133
189649
38589
119471
4817
105712
54
65767
130588
168123
90714
40884
30083
87885
71183
35944
24168
131764
115332
196970
13372
87308
28639
113756
66456
20102
55274
85840
155380
115733
101226
83770
196419
33615
53791
177763
105028
5669
116691
105068
168036
48822
48545
61265
161476
124279
155075
113758
89809
168876
164499
85201
194595
64505
94917
39597
153869
83285
58011
23252
94127
70991
58069
42056
134005
192997
96214
154852
86463
20633
137149
21301
86845
116453
14001
140165
115777
124074
178194
153293
80806
41808
191470
43425
127346
106887
168923
186796
45877
186435
69525
119884
122905
99602
25113
42739
933
131264
35985
53126
65329
85058
90455
31156
78204
189738
54337
122262
197163
59297
61541
177176
66041
51702
111589
46267
191169
177427
143119
183153
134813
27775
95815
174524
182449
14890
21031
63779
174849
65911
138129
89580
134781
3554
23911
178525
96270
194891
163548
92613
23628
85043
9530
157788
112423
169446
96286
98836
40164
64033
2161
124963
18486
114654
51304
138004
6934
70275
108844
19538
175245
60533
132467
141169
108999
14173
146553
112296
220
46499
22081
12086
53965
30941
179628
47493
190686
30854
130152
192956
185388
186012
188553
62944
181123
108375
135154
175486
179980
1062
175721
150382
90778
403
117124
142357
52211
90523
147108
53893
15989
192012
46059
27844
21515
168143
176691
100738
188149
163804
17649
187859
147132
124987
134012
67684
146549
104315
61828
162752
89820
6988
150041
112964
76219
5001
62321
28762
93583
138799
159405
94333
96826
136950
103538
164289
101562
91141
162703
17684
88384
186042
153602
158241
182460
123340
5581
101033
178489
11452
186828
161814
166203
66253
135048
41725
34019
158036
9105
146369
169312
52057
27331
59913
807
29475
104251
117745
103651
72244
53642
51383
154018
119553
63975
102400
57153
170571
64629
179271
100465
91935
145089
93847
7413
131417
189087
153607
41033
65137
10473
48239
75686
42693
17807
41671
165443
95481
86095
80665
23059
190016
107256
102071
131914
86131
35103
49594
22377
156410
158954
13640
9683
164588
78620
56792
14685
14698
16801
186741
45182
30667
159918
60379
164364
1879
30213
38822
46876
187917
19571
97933
167889
156268
98071
88106
49999
188505
117929
195077
30317
145508
20676
79309
150711
361
130260
87907
96144
130971
18670
4761
194245
123865
117313
96373
4298
122589
181634
39149
124262
190902
198361
26272
89176
77649
195151
149912
7766
19108
75088
138174
25578
111982
62512
18593
135200
149835
102260
128994
96139
166258
123524
117983
135327
143442
60862
178944
67409
63774
3954
140080
178369
182971
49575
84369
34550
171672
187505
18413
63775
99029
10531
84969
86749
86287
33916
61804
7182
109297
122657
65825
29610
48454
45895
187163
18308
7164
147287
13461
43581
70912
198652
195620
13130
23539
82668
49600
17507
49699
21399
95279
60781
29131
66893
119363
134905
178874
12821
5711
153663
140864
191919
21277
180666
34494
8889
97509
82154
90353
193806
88901
111456
37799
168813
114972
173657
132254
29107
123042
177569
18565
197558
175618
142686
142604
29932
119455
30429
49069
186441
45307
89389
9053
24829
107538
175584
167870
76355
97598
55297
25311
85071
127091
177104
60641
146912
151676
86993
7273
148007
145566
16956
36697
4863
194645
101641
34549
77457
192764
120828
130010
198427
164174
178300
87523
30797
115081
174615
83644
104869
174448
90827
136123
141833
16045
124041
166503
52763
22581
6731
101923
51812
47266
135153
78082
90729
88356
155307
90097
17004
194821
104742
134100
68649
197773
47059
59001
199381
5399
115140
38571
154045
166948
151083
15313
116900
177767
82720
103425
91271
122615
183095
22036
40598
104423
124293
99816
185922
8381
32504
70674
110274
105949
21649
41041
164554
65605
107232
16971
36186
191676
101571
145964
34562
24235
99105
32172
57408
18113
15267
13472
124782
138633
86543
186148
131922
50704
47364
171413
143221
20379
60090
114980
38922
387
2823
155683
177258
153598
183847
160815
170914
78263
113056
65968
33744
86594
20052
112402
144054
44605
38704
33710
115973
104826
80805
4531
94585
40944
46637
