8147
4651
11415
11087
13860
11996
11907
4440
10191
14427
8217
17962
14743
15588
11691
18125
19140
164
3822
9966
15363
13537
13244
13073
166
8685
1989
1690
17723
12815
17228
13533
9302
16511
8931
17832
11521
9996
20000
19878
7558
11054
12174
4074
6459
12708
7035
17233
15581
4611
5385
6837
3407
18996
3440
9275
4122
15218
5221
13756
15692
17787
14509
16894
18660
15054
11787
11863
10234
1616
9188
6222
7261
1143
248
6767
9917
17800
11858
2742
198
20000
15323
13106
15223
9257
20000
11711
18745
4093
4230
11706
16726
9868
19260
18187
2099
2438
9486
18901
13668
14464
539
1247
8752
10108
14316
8593
14301
20000
5560
1327
12449
3075
8787
15896
14005
3576
16785
17110
11461
13970
5204
12199
12054
8601
9250
5417
5111
9760
18759
17134
6362
847
10087
3526
4784
10822
1251
6585
14553
2394
2250
1093
13797
17468
7194
9092
6485
3090
3268
9527
17362
14333
11189
19230
8118
5875
12338
14242
12730
3874
8146
10778
4628
1887
19308
946
20000
19563
3382
2499
3998
3863
3119
7626
16404
19828
5526
17089
236
7203
14049
15995
13516
4840
7118
127
15561
6113
13525
8308
20000
16701
2882
14144
13501
3590
12218
522
12487
17663
19523
8323
1915
19794
13856
7595
19949
10646
4903
12798
11569
6426
17332
10813
3664
17939
15283
7594
8973
5659
15245
19624
3966
5891
8054
344
17477
487
2087
14497
7094
11537
15232
9576
13644
13487
8051
4700
20000
209
18974
3653
5502
4935
16824
1655
13832
10527
7254
91
18446
1174
16887
1730
8817
11543
14519
7567
13359
1068
17526
7747
13908
13606
20000
11392
9533
15974
14471
4982
311
12583
19713
18851
14943
15945
8091
12847
12596
9402
10951
14595
10901
13073
19603
18898
2643
16019
4001
3578
19338
4587
13128
6161
12646
9002
19950
5258
4661
16420
2084
967
2274
53
4890
7015
13328
17581
13059
2489
18330
2938
4187
8832
13012
3872
13894
20000
14986
15283
19499
11659
19457
20000
9961
16293
9440
15033
20000
10803
13141
877
512
5622
18998
17980
11304
4636
9100
5369
10729
6749
6502
4379
11439
9336
2103
17094
1609
9886
12564
19379
11138
7688
11817
19756
4079
12779
5518
19740
427
18634
3023
9396
10138
7484
3838
9196
4276
84
12753
18561
19685
2229
3302
5558
2319
9505
11673
16247
6504
14719
13313
13634
15752
1327
11770
4042
1746
1757
7326
4904
15368
13195
5578
12274
7316
18819
19145
7496
2351
356
17874
15221
11055
5592
17052
6560
5213
12429
4151
15383
10954
17155
20000
19441
9049
14871
20000
17153
14765
10431
6439
11566
15684
16694
1627
6472
9316
19799
1080
2067
20000
14667
9090
17836
16474
8197
17446
17892
13217
9303
5664
16805
10202
1143
6237
18821
3354
15794
6784
15487
4053
10306
15198
16387
6213
15411
5020
15566
10501
14973
17145
15337
7334
14393
6565
2970
17451
15838
16442
14491
13649
10754
5299
6263
896
1365
19299
19290
13696
3697
7191
797
9640
11028
18692
3038
5525
19246
12744
7873
15186
6219
4069
12330
18961
2807
2693
16074
12928
13445
8017
5868
13825
18897
11773
10489
12600
11402
12324
12075
11968
19389
18365
9559
13637
11211
7768
9397
19774
15833
4000
7681
4467
1165
18546
19656
1731
19953
6147
10479
7950
9336
18041
10495
11777
20000
12454
7948
1450
764
16519
6157
14183
4801
13356
5230
1687
10117
3236
16130
4252
14810
8977
14543
4941
16578
16826
4743
549
1674
10262
10348
5394
5668
4156
8939
20000
7359
2716
13731
6042
4719
20000
20000
19352
15991
11726
9078
7011
9056
16934
3276
15247
16341
10624
20000
12701
8398
6342
18412
6840
16705
11212
9738
17313
12136
7520
17323
6908
15919
20000
8915
16027
20000
8851
16068
9163
18522
15425
14015
6656
435
464
9828
1432
8394
4196
18311
14414
12466
2823
10459
13165
17849
14523
2730
17220
16472
15423
12061
14625
8370
12617
20000
19720
19762
12853
16608
7562
5230
7155
14309
17556
14067
13405
18505
11593
8969
14370
609
6937
11868
241
20000
12846
15782
2469
1524
11688
19499
14038
4865
9225
234
7202
19218
17086
14452
8172
12174
326
18203
11505
8275
18263
4307
8790
9091
13583
15594
17312
20000
13937
11022
10155
1492
17431
19899
7198
14051
15794
6250
11947
16389
13888
5720
13370
13987
2901
399
18756
9559
2252
12734
6982
5289
809
1799
5856
6800
8512
17969
8513
17717
10604
14301
9830
11275
5990
7492
410
6965
7004
16438
15049
3482
49
3914
17556
6718
2756
20000
768
14320
13024
1940
17762
16113
13383
9553
4132
7007
19895
15408
17056
15452
17151
14049
13095
13305
13085
19236
12105
12190
8134
3826
15163
16862
1150
7341
18106
10593
10019
18788
15896
17857
6174
8411
9991
3071
17634
20000
18821
11478
16889
1540
6590
14082
17515
11462
5617
13056
11310
19512
8798
6662
11633
749
5438
2849
3875
11643
8220
14490
15873
13208
7425
5648
12536
6329
14057
3310
18059
4142
18476
4391
9424
6322
4753
14018
12803
5315
1525
7944
7926
16381
18153
4722
17011
7789
10871
11164
18582
13631
2141
8455
7211
4236
11345
18837
816
9153
19314
7437
7342
6084
9062
13048
20000
20000
15568
9179
4161
6212
11268
751
1057
4283
16871
5242
10186
15822
11620
7540
5087
6788
10426
13950
6513
19366
15286
4147
10799
12944
4480
3638
2184
5571
2330
8368
13736
18452
17146
16214
12979
7171
5470
12063
6187
4876
19813
9158
12924
5834
15311
18706
4206
10076
19215
11268
9116
11580
7071
29
3583
13687
19832
15485
19084
14466
11118
11710
16653
5852
18372
17153
6443
1015
2354
4571
9148
19030
9444
16796
8107
5013
977
8614
8201
18425
14928
16847
11407
12968
7531
4997
19539
11045
4446
6500
20000
17918
16024
1202
8803
10252
14218
18816
12846
15494
1570
5770
19970
19924
8681
4473
4727
7553
16075
5753
20000
11177
4247
8486
10130
5587
20000
3758
11609
6239
1052
14070
986
16843
17632
5991
1834
3429
10315
15618
9097
1838
9215
1374
10237
19568
18182
2942
17533
10138
19421
16779
2953
20000
9828
6948
14887
15695
18122
14972
11156
5151
19171
13946
20000
8507
4173
18684
4225
20000
2870
19853
18657
1547
11933
19772
8537
17512
12421
9075
5305
17804
10490
9428
7661
12685
13561
4686
697
5507
13415
10865
17428
13800
18501
19204
5091
19215
14064
3644
19933
448
6566
15995
422
314
19126
11803
6483
11982
1769
443
18111
13505
7129
15157
1871
5848
8736
20000
806
17689
8863
8194
1842
15994
8626
7282
7346
19400
9309
9826
2604
8728
13551
367
11660
8147
14330
1552
19241
2109
413
9251
9347
116
12953
5470
2090
13942
2911
6933
10953
2660
9116
16925
8046
18979
11330
1516
9880
14997
1324
7183
13220
3798
20000
10944
16148
9975
1027
1065
1661
18669
2453
4112
11710
1366
2691
14474
15395
20000
3007
19039
4987
16181
12869
17193
3195
20000
14529
546
787
8547
1808
15192
2600
16500
13045
15517
17877
16513
20000
1997
20000
7735
15121
14626
4218
12966
43
7448
2626
2374
477
14235
2264
16193
15898
5938
12008
5463
4955
12823
7989
3541
9690
11507
12237
19888
6747
8300
6138
11638
14551
17047
15175
10745
10208
8702
20000
14952
13199
9695
15673
9183
19688
13873
2200
18951
14833
15187
9753
11597
10336
5175
18846
213
12118
1863
20000
7229
15015
11486
18675
18860
14436
14152
11979
2560
13187
5700
1965
6684
1890
19368
12919
3006
5231
15960
3127
15541
18210
2854
327
9811
15685
9387
11111
8027
12531
2005
19711
4221
19484
19203
19048
19006
10294
17589
5048
15401
4618
3482
10523
14422
19692
6142
9654
13641
10547
17715
8334
16835
18384
15546
20000
17672
15930
19980
14212
5722
17230
16395
2626
2942
17130
20000
6269
15268
16289
8920
11740
8735
10252
9875
17956
19859
14875
1580
9192
418
111
1427
5024
15777
2170
1279
5732
20000
18589
19903
4414
13141
6672
500
1035
10628
4440
18353
19400
11537
13931
10134
8765
12214
16347
18442
17313
13060
3367
12005
13884
17394
2036
7634
19319
1338
2573
4128
17573
10264
18407
16711
20000
12380
1261
4502
14114
13300
14105
8269
3534
18358
2649
18780
7914
5129
19760
17525
6272
863
15894
12664
11918
2373
19575
15964
8255
12203
14751
10433
20000
7463
20000
7203
13036
9063
630
17782
8356
14806
10608
6362
17072
11084
6947
10063
6376
4338
1751
11004
13833
20000
8006
19253
10093
19098
4237
15585
20000
16921
10754
15259
11458
118
19972
3263
8423
797
603
2634
1409
4215
1423
18245
2988
14691
2983
13861
15854
10981
13016
6081
18194
11128
2757
5335
88
18413
958
2941
14679
13841
4400
2519
7300
13664
5671
19127
9261
12159
6098
3975
6133
7369
2007
10462
16854
3954
2871
12182
1725
12375
8401
15666
15141
1890
1351
19736
18367
16196
12580
9257
10143
7383
12864
8481
18756
1856
13220
12888
5705
11607
8584
16690
16160
5774
16979
6767
19974
19022
15791
18152
14629
5750
14600
12773
4063
16968
9909
12834
1460
10660
4107
1268
443
3600
5557
16326
3747
2341
14783
6704
4206
14208
2131
14939
7445
61
19542
915
12633
1427
1193
9968
11739
5824
15028
19665
16566
18504
10394
6857
14839
10129
7140
8079
9944
4794
1968
598
17585
20000
3319
8065
1851
20000
10565
14682
6024
16273
2812
20000
8849
17894
19776
17628
1233
1100
20000
13971
13352
2766
17007
7719
16229
557
8967
17282
12865
19543
15432
4116
8986
4830
1388
11690
360
16667
8406
15539
5731
13042
10182
15077
11047
1316
12820
18680
648
16810
12680
4710
3163
10427
637
10934
19053
11912
1916
4714
17840
13357
17512
15826
16755
16207
644
19213
4751
13193
13547
14234
3487
3248
1160
19686
15973
19091
8577
14722
6226
16612
9832
13106
5176
19251
10869
19848
1406
13036
11439
4125
9418
519
10897
9707
137
18662
19004
536
4466
6039
18570
15290
7998
14932
18667
8103
6415
10213
14128
12680
18241
20000
20000
3521
3847
13664
11102
3611
4872
8925
12796
16547
18198
3219
2427
11458
16071
11339
12832
20000
2649
760
2449
3928
19294
71
13664
16908
16099
9056
6923
12112
15228
9168
7411
11561
11255
1828
132
15214
8910
1946
3107
13294
15983
1614
12294
7775
19948
9445
305
1513
8642
12792
10967
7063
8329
9854
17422
8071
4940
18515
8169
12537
15296
5678
10014
19077
18895
4436
9113
13981
16415
16478
1731
2770
20000
10704
12444
10710
860
572
15986
19053
1257
9253
16875
16911
4192
3402
9145
18420
3453
18467
17463
12277
5514
13333
14536
17176
17267
5852
11424
20000
14350
3082
7379
13674
2381
6630
18803
19944
15522
5553
15496
10104
10913
3500
3576
3569
18341
20000
20000
13713
16158
13654
4117
6873
12117
2474
3970
6143
12114
8568
9967
46
12960
17619
12672
14006
9923
12810
13510
16173
6380
12273
13914
17086
1301
12698
7517
5508
11833
4648
9758
7432
1945
12934
7224
10854
11667
4777
16583
14476
8303
8886
18212
2003
4974
4590
5067
20000
2887
3032
15530
6706
4527
1210
7467
11444
5116
18698
16065
14557
15681
15045
5750
432
20000
10373
13119
18922
14609
5757
10948
996
15614
11820
4669
15164
15609
1122
17866
18081
16763
13833
5062
1407
14344
2531
14316
3718
10906
4435
15884
14741
4598
18135
9081
18140
5103
8212
20000
10680
10228
13396
5790
18879
16430
4649
10182
5340
12547
8314
9455
3392
19993
3779
16768
1322
3988
4416
14777
14282
12668
17697
6743
4890
16751
8805
19556
4004
20000
6248
6759
16419
13747
15731
11491
3318
13192
8697
11294
1333
13271
6528
1955
56
17336
12749
254
3531
11163
5429
19561
5204
5351
9717
7929
19110
9326
13824
7219
14061
4327
17649
6254
15422
9169
5998
10470
9355
19927
8091
14948
7591
7496
13427
6300
11940
11681
10001
7126
1670
8784
954
12369
701
4858
4882
8790
5069
11163
8744
14816
2013
7364
6673
13713
1764
7035
407
14841
14572
20000
5553
724
7050
17237
16003
19747
10422
14170
10146
8470
2401
12053
2135
8327
11977
1815
15203
6895
19215
8023
4180
19920
12589
12222
17822
15145
13063
15559
2291
13624
8535
837
10902
11779
8800
4477
6697
797
16518
16475
2064
13954
13893
5307
17215
6669
13233
2272
7549
17115
6973
1499
6421
4079
745
17715
19104
17677
6272
2064
12406
5486
12427
6734
4741
3975
9655
2801
7349
7032
5684
7459
11391
12315
10548
5543
9059
8491
6533
18307
12403
18249
12610
11453
2665
7814
11860
1169
3595
13204
8581
18093
145
9788
12576
14481
18438
19900
19671
7502
8702
4899
4951
19135
20000
12852
18582
12452
14331
18111
9065
14222
12803
7807
13865
17236
6092
434
12164
4797
18304
2841
16622
7277
4215
13008
19549
19882
19025
10934
1925
3059
17585
14752
5144
20000
20000
4130
4041
8156
1975
1507
2013
19673
19085
5787
15314
1489
14992
1085
11040
19447
3673
20000
20000
81
7918
11324
8143
6922
13298
18497
4528
8300
14611
16805
301
15709
1489
6407
9771
15980
6099
1971
7750
13405
17351
9740
25
5085
11845
1588
2640
13089
10907
4283
15903
3961
18346
3649
20000
12466
13246
12391
13525
17865
3818
9180
8129
18624
19598
12317
17375
10863
15081
12119
15042
5644
17158
13933
6618
19162
16600
12905
8774
5759
6925
3894
16721
15301
16406
5466
9675
20000
9960
17555
10407
17983
7140
1453
9585
1829
5123
6929
5357
68
14752
20000
18412
653
4582
17749
13883
19673
17053
14578
10336
18313
711
9230
18342
19174
547
7365
11753
1697
5121
13573
14583
6747
646
8374
3807
19959
18937
11061
14301
14498
9179
4222
1793
6754
8147
16042
12301
6973
9239
14992
15603
10172
3679
3218
19979
5996
2082
10270
19932
20000
2890
17328
6571
12739
8474
982
7454
15350
10697
8935
6719
1320
19374
12813
15663
19680
11612
6747
10624
6152
2189
3176
7567
14172
11231
9699
17790
15049
17289
7216
5481
17274
5176
760
3476
10475
4707
19048
14442
1437
9224
12229
17033
12129
5165
18714
4439
5319
18566
16504
13819
12229
15160
2521
6840
2714
9293
17664
3867
3676
1035
524
2965
3359
10269
18703
3184
18807
2031
6484
1029
15152
14363
14355
586
5404
15370
6480
11247
19703
15902
16298
18701
4343
17123
12498
5583
375
12668
640
13770
19893
7499
2880
9459
19149
1279
1073
11282
3042
2275
7169
528
19961
9820
14883
4343
740
1161
20000
5044
7525
17924
2135
1231
16616
9902
5714
3845
13697
19248
11935
18911
3294
17261
11595
18694
373
8881
15237
9314
9283
6044
9206
3158
19577
10599
9105
2386
4756
12702
597
5302
9619
19853
5436
10650
11477
20000
10484
977
514
11742
2609
2123
16220
2411
3397
9048
8517
6741
3714
13051
15182
10988
7792
4913
6292
2077
13177
12478
18576
16800
5897
5923
12045
9498
6288
6708
16996
13881
13650
7513
17946
9670
5175
19279
7053
9289
4861
20000
14273
4542
10235
10610
15483
9918
15000
7087
14675
15891
5180
11892
8431
8151
9177
4025
2304
18635
17901
12360
9837
16358
13986
16454
14563
16236
11610
18170
19090
3495
6843
15099
20000
11189
17105
16643
10645
16046
6694
16889
10026
5269
18957
15208
13659
3910
9220
3622
16425
2821
19544
16323
20000
3218
18330
1127
2682
14968
13253
17561
17410
15129
12399
15484
4351
5171
18842
10832
5094
19535
9680
4512
15638
1060
10671
2591
13759
11236
16167
11376
10683
2901
5994
15497
19908
11117
11572
2846
1445
3627
6725
14853
13484
19216
20000
9677
1528
9861
14903
8350
11197
7894
11895
1307
15468
8246
13442
8527
8496
11340
17583
495
3839
4726
9408
17143
2937
17224
13292
8969
1904
6508
15387
14829
18449
16150
19860
15006
13455
12518
11595
895
15277
12696
8503
19507
12291
12186
12372
15020
3669
6270
6645
5600
15387
20000
9017
1999
13691
4594
3823
6846
12105
16680
12348
5436
10044
6280
18891
11412
13925
13793
17189
18768
1013
15879
7262
11287
9248
18558
19254
1651
9981
11038
10182
12321
20000
15427
12664
3257
10996
19865
15916
1227
6985
368
6722
4311
3398
2174
8165
20000
18677
14260
779
6678
12605
2399
18870
16495
5624
8342
19584
8905
18156
2424
5333
20000
2234
18471
5884
14930
5289
544
8871
4478
19768
18504
5773
8712
11146
16524
17906
15831
14020
13835
18907
15179
5112
20000
5729
10424
16731
8638
15905
6959
10281
4333
10834
17443
8220
6818
6634
4362
513
4872
8730
8342
625
7940
9822
4083
5700
5722
1940
5920
14732
9059
19125
6885
5271
9801
5257
12086
9929
13620
15034
3149
5700
17320
9722
15583
6303
4270
14618
1840
6917
1122
14779
8192
17690
8904
14089
15117
9915
14659
9082
13159
3376
16750
3556
9045
2797
16423
20000
6742
11513
6656
8841
11719
3420
10257
7480
11220
3130
9083
672
20000
4940
3345
732
3428
18449
6764
14631
15311
2595
11593
14575
10823
19822
577
17177
10542
6792
20000
16094
5809
1804
13152
13095
20000
14368
16407
10370
19955
11871
13627
2286
2656
18033
283
12092
18642
11076
3942
3710
16153
1343
10191
11688
13976
14727
8238
19525
5145
5945
6494
9308
17689
18314
5375
7268
19494
3456
1279
7549
6701
593
1608
5888
18549
13311
35
10690
9909
4629
18148
3482
12977
13415
16522
9605
14923
6373
17393
12656
8265
2670
12400
361
1032
20000
1558
8076
15900
7926
19970
1916
5029
14117
16122
14010
8399
2117
18795
13576
17163
8658
9591
7420
4794
2494
19328
8927
4091
18256
8720
12984
8644
5374
16867
5352
5621
18850
11760
14449
2540
2121
14017
488
6295
2044
11842
8939
15639
11850
2066
8946
11543
12761
15769
7807
16730
13127
78
9135
9747
7921
5903
3035
11597
20000
15671
19017
17406
3383
5644
4918
7794
14709
13599
12947
14132
11745
17609
15473
7741
18541
8605
13897
9879
13110
20000
17819
2852
487
9748
9357
20000
8153
17011
8529
6336
992
16795
4449
19324
12828
612
1943
2210
3849
20000
10207
4801
4773
12882
1895
3110
14959
13073
17545
17601
569
20000
2499
5671
18336
3499
13962
2336
13386
18733
3935
10349
18746
17207
1404
12625
11628
13908
14966
5664
10785
17379
7690
3519
2610
14110
16049
16952
12071
14048
20000
1080
8154
4521
7836
16840
17328
17809
13003
17744
1620
1183
17213
19426
20000
18319
19841
12625
3050
4786
5255
17339
16774
4404
15658
9530
1448
16264
14100
20000
2270
14130
2346
829
15457
13763
18557
14737
3738
11212
3401
12378
20000
2018
7237
1461
11033
8309
11158
4729
440
13330
18039
11351
7264
10453
6640
11285
9685
11733
4732
8605
14700
5636
11529
15391
18484
852
2975
16311
4150
15654
10281
19499
12637
20000
17040
7755
16739
4986
10630
9367
831
10084
17753
14737
11565
2639
16251
7459
5390
12274
15739
10827
6328
222
2258
19076
10138
7342
2301
10850
12719
12999
6809
4871
18108
8670
12797
19162
17911
4024
3334
4696
18785
20000
9912
19720
8803
3257
6151
3973
12422
3798
13156
8107
1572
13848
15415
17914
10815
2580
11246
2563
18929
4027
16982
11334
1735
6367
2613
7290
15503
17525
13197
18553
16008
9477
8609
12651
5567
17492
17323
740
1435
2697
3352
6305
5724
14111
17047
19933
12098
18865
19790
19181
1490
19361
15957
12777
17090
11090
234
20000
6955
2041
5052
11230
10114
13805
8737
16699
12710
15722
18430
11310
2398
536
1700
5264
7636
11312
7871
354
19731
16695
6875
1347
5953
12967
18875
19155
17112
9089
17486
13512
6994
8657
3941
12701
7700
18283
6773
3984
20000
14447
9438
1467
14079
18144
1338
10482
8576
7584
6278
2312
9620
16631
5928
8801
9946
7506
423
14520
10954
17693
1661
15855
2829
4168
3752
4273
9526
2963
14523
11419
5535
52
10030
11188
6299
17883
467
3340
18456
8296
6244
6520
10210
8198
15346
18369
5278
5518
2410
12375
654
18491
3552
15887
7370
16974
20000
4887
11604
20000
1788
4380
2620
14543
10318
15010
6185
19332
1442
19461
8180
14230
12964
9666
1421
7554
16989
1724
5004
18449
2582
9475
19580
3240
4961
2256
18856
6789
1132
10367
17077
10100
10781
15056
16666
7589
18487
12226
10250
3975
18672
14306
18459
19528
9018
15494
7294
3397
16118
11840
5605
1413
17068
18643
13568
6730
7231
13468
1047
438
17200
19671
4162
5873
5142
13815
11605
18204
17535
6495
15516
6965
16330
1790
6978
17358
13165
10822
12175
17166
6777
18751
14791
3817
13261
2266
1087
17659
13775
7224
13279
15447
9799
11954
5450
8288
8493
3202
3117
18301
5461
14459
19225
8430
15738
5300
16621
18280
10160
689
17614
13029
14772
296
11124
13554
19476
3122
14473
5262
18600
13729
3435
6713
16671
16678
6394
5752
8304
6965
19983
19465
361
5589
16219
11336
17808
7038
12938
10241
8283
12345
8165
16936
16991
11012
19169
2740
801
515
16238
10151
16542
15748
4361
6276
11369
816
8759
11218
6106
5640
3470
13714
2515
13792
4539
3220
11794
6845
9868
842
5870
8125
19871
19062
10185
7496
8995
13650
17098
6235
8825
6165
609
10979
11225
15934
2955
2802
18252
4733
12797
14502
12986
7759
11829
12129
8539
13340
13229
9490
7744
18913
1352
12729
11586
14121
4261
1077
17020
5973
20000
6905
17304
19022
10564
4506
13148
12896
823
7766
20000
12394
10655
19873
17346
19704
10298
4607
1336
17504
13077
6626
14888
10694
1412
8531
12490
4835
11778
14623
17525
13970
20000
1822
20000
14034
11449
3979
1624
13623
12197
19025
20000
10138
9665
15470
7447
5163
16464
19686
18609
4831
8323
7579
10439
18482
7042
3594
4779
2053
4748
7256
20000
12513
17741
776
13833
12958
10308
6942
7254
278
230
13756
1289
15422
7070
20000
18984
3313
19432
17960
3245
9744
20000
11989
17336
19127
13133
2058
19613
4955
1744
19028
7830
16747
2946
118
16352
15133
10979
15280
12717
14849
17680
10059
10373
20000
6309
1568
19209
19817
10699
1725
1238
6838
19972
14528
15124
15838
2464
8224
19624
14900
19066
5767
7863
13099
17690
12167
13780
16058
2502
4599
20000
649
10035
19715
19859
5899
14788
10291
1876
3281
18263
8439
6639
10836
19342
19115
1213
15958
11047
18656
5778
9813
10089
8418
13492
8677
5102
4024
16740
6052
5441
10125
16535
1966
18056
14518
6848
7926
12996
248
6820
19587
5342
19838
15862
19115
11926
14194
13241
3167
11517
8241
12768
18210
12129
11792
10969
3600
1598
15690
18713
11975
12551
11128
11580
12432
15798
5892
9449
8106
10117
17066
20000
278
7841
7058
18433
7208
8418
13479
20000
5984
4680
3459
2041
6833
8279
16984
7011
10623
2510
111
19658
14502
7932
554
14634
7678
11583
11127
16959
9088
4880
17701
5134
17317
19445
12597
13905
15025
13256
7612
6051
13925
6297
454
3608
8084
6180
15186
4994
7836
20000
19918
14247
7115
15875
16508
9467
20000
13833
14296
1513
10815
5596
13224
5772
3731
11189
17709
11931
9951
4741
17793
11878
17257
12018
20000
10342
3714
2027
2368
2540
5425
7572
13469
1968
13411
4091
10503
7726
4094
4534
1906
18718
13683
6936
9804
27
16249
17251
17028
15815
19996
10833
14279
6994
14189
1989
14049
9663
11787
15408
8420
2047
18637
9644
25
9538
18296
9600
4322
13520
11316
19057
2432
1480
17855
2682
17443
10957
3260
16017
10598
2189
10264
948
3975
887
8439
11970
9890
4920
4048
9026
16150
5902
8755
2743
10353
8368
9648
19673
3263
12209
3514
6108
17171
17633
5672
9013
6648
668
14799
10930
5507
17228
18541
15273
13976
1378
844
10197
13867
2095
10288
20000
11184
19177
10940
5158
9099
6023
6606
2569
20000
18944
4977
941
18917
5005
18382
7188
15943
10444
12710
3758
14390
644
10739
12432
11268
19685
1459
5463
13665
14491
10797
15340
4201
7385
3716
1729
14141
10672
20000
10518
14015
5634
11912
5991
16681
1521
19886
1108
14188
13965
217
20000
13851
14558
12678
14558
15511
18287
8429
18015
19753
13336
12726
19400
16467
2507
19793
11721
13761
12713
20000
20000
7408
14159
18124
6175
14671
882
2148
2953
3588
8576
19402
1729
17710
4562
11298
12143
1290
8688
15537
13889
440
7883
6195
11222
2858
6410
508
15389
8845
19988
20000
17197
849
4531
6230
6036
7415
14773
17719
15077
14166
16284
15950
12630
11180
15913
19294
1047
10580
13772
13870
954
17764
13415
17014
169
4015
14985
19405
728
19817
630
6042
12389
16223
15814
2674
15080
2205
10022
16551
5378
13811
13919
5076
3788
9744
10773
4895
5535
2428
13586
482
5694
15169
13389
16959
9052
4132
13682
7801
19130
5864
3224
18690
14384
17067
17496
13251
6013
16171
12265
1467
2545
3977
11472
1275
1011
6283
5880
20000
12564
883
2073
10457
17094
635
18818
7868
19303
11780
15802
4786
8012
9441
15604
19964
18733
7761
11500
1455
6191
15654
12941
784
4382
4026
3010
18399
5508
12029
3946
337
2735
7305
11386
13377
365
1068
12242
11616
3477
4333
3199
3095
19770
11679
1192
11277
18814
19732
2628
3253
10998
10340
20000
5689
10961
14123
2262
13745
14341
13775
18161
4427
1991
11685
16143
1567
1926
3510
19648
11171
12133
1207
19782
15489
18509
14650
1691
132
15305
14432
11277
7577
13516
7715
5650
8873
5861
15048
20000
16491
15439
14069
5746
2009
10060
2752
5225
757
883
3748
6334
6218
1531
18053
4316
13021
15374
20000
6284
15280
9546
11808
10641
6608
17970
18947
8779
7626
6984
20000
17974
8634
1687
6900
6803
8954
10916
13956
17044
205
7809
19402
15390
7101
10573
11987
11151
7503
16184
10750
18849
15066
9271
9069
2195
3743
13804
13596
9514
14568
15572
4462
10614
10155
2072
5423
3209
15078
8679
20000
17276
6084
6270
9018
19523
390
1525
61
3633
17719
8650
378
20000
17527
7123
11952
655
7936
4494
11259
150
53
14666
6803
11251
5839
1936
5985
17056
10406
3950
6430
15617
7971
5463
5013
16595
14309
9991
15983
9072
10248
19822
18236
6420
2993
12084
1222
19777
4848
5712
4281
18418
6452
5692
14577
18519
17869
13589
13125
11954
15700
6684
8483
15996
8012
6654
2788
3689
7649
1562
4761
3877
7470
7921
14385
4105
18377
13474
13712
5607
18045
2585
7658
19615
13090
19412
9581
12079
3796
806
4287
13697
8520
17944
10972
1442
15937
5647
16368
10981
8416
2501
7630
17171
16384
15849
16706
11469
2428
4526
6994
8537
4485
9359
20000
9075
7336
1827
16236
4311
4258
7241
9186
8864
11534
5589
16507
9954
272
4168
15692
13347
10665
8182
19772
12548
4221
20000
8741
6398
18420
15439
10210
7569
15649
17888
11748
11110
10061
19203
17118
9987
17757
14199
12126
7536
11004
14570
14989
16557
217
9504
18124
2604
5392
6318
7598
20000
18186
2244
2933
9704
3815
17668
7983
6143
14546
4233
16336
19256
6785
11345
742
9130
2726
9980
12440
1050
3324
6595
5225
20000
3711
2707
8362
13212
4443
13319
19397
2045
11734
10202
18449
4457
291
9037
3412
5709
11959
20000
13615
16331
6178
20000
10363
18286
19017
203
15713
11765
9897
3564
12573
8465
7323
14496
4665
618
2484
17547
17639
19708
4933
14687
1960
18706
7665
11449
2643
2915
18757
5644
8577
10381
16773
20000
7403
8089
18723
14094
1976
5907
20000
15037
7827
2631
4356
13842
4210
14347
13204
2911
13314
12111
18476
1027
4850
2024
2444
1800
10965
8074
5189
8229
17828
13900
15704
857
18453
1519
9235
14867
18729
9139
13529
4019
8619
11517
11776
7319
5209
12554
11904
11115
8833
3485
8250
8416
10570
5765
14414
8345
12273
9728
11967
949
1045
6729
18127
5105
5254
6018
5044
5081
13495
20000
1272
20000
5438
17577
18269
2793
13571
9485
2448
446
17520
1504
17474
9090
17593
12595
3570
8544
14542
4953
18275
17556
10859
16080
19537
114
17929
1178
19082
14607
7396
19165
3541
13237
8315
2063
3028
7282
20000
19803
15853
15187
4406
14075
10518
3706
9733
18259
4088
9797
1572
12654
3047
17358
1471
5184
11723
5397
13785
4616
15435
2891
7638
912
15463
5956
12640
6545
19191
3125
8384
536
18810
5286
7339
19039
19400
7669
6538
11186
4333
17955
9062
15489
2978
6880
3227
11907
11474
2539
8508
6823
3979
706
8991
9390
9783
18388
20000
16148
10846
9482
14377
4007
15323
4063
20000
19347
19384
12995
12966
14662
15865
3958
13038
18529
19743
15044
2971
2896
8083
11968
8448
10283
16903
15696
3205
1254
1714
1279
8652
1279
13765
11200
8268
14627
7891
13273
20000
19910
16656
16583
15068
10723
5365
7713
10619
3464
20000
3854
461
10988
12204
13673
18494
6598
9019
15294
19694
16883
9989
13695
10676
12409
18148
18727
17589
8063
12734
7984
16459
3727
19608
15332
7287
20000
4176
18027
450
12114
5251
19097
5346
38
10182
10285
1417
20000
17974
15953
9372
16537
6031
15764
4935
14957
11837
7536
18713
1311
12783
7518
8888
9247
1217
18539
9293
4821
10578
4741
890
5615
12114
754
15577
11320
16305
6353
5147
19299
20000
7600
17996
8686
6023
11359
12910
13669
18296
11888
10872
3514
3724
6390
18223
10022
15874
2191
4371
20000
1039
596
10623
3844
16216
17935
16059
8167
10040
8873
11305
16158
11720
1216
4490
9841
13182
11539
1023
13524
260
19436
9404
3857
16054
20000
1752
11797
6183
20000
12286
2445
20000
5950
11850
6729
2586
20000
6377
4146
15140
1750
15620
8809
7625
6613
20000
11373
16978
20000
6468
19044
3765
16441
17370
7643
9936
8662
3290
19622
6850
6371
9765
19492
8574
12861
18738
3381
17061
19772
4811
14807
19867
3758
9024
3414
14986
7664
14275
14631
17795
567
225
1209
4035
5166
17398
5782
12056
16181
16385
15497
16449
1536
12340
2154
16223
19645
1860
14201
6813
19202
16247
20000
8048
12154
14889
2928
14602
5648
3693
5269
1981
3132
3939
20000
19157
3803
14515
10378
10277
6256
17208
2059
12082
2881
1347
2097
5382
1947
7140
7007
7640
11822
1955
15909
9005
5977
17851
10435
20000
14795
862
18002
11381
7760
20000
15812
18707
5412
2067
18271
17401
19127
20000
10385
14537
2320
6984
14963
17497
15369
16556
7120
4036
15818
5294
5866
3993
3682
11066
13797
4156
1272
15905
17729
761
2007
6603
7356
2917
2686
9854
16199
10205
19120
8748
8965
8355
3614
601
19229
9550
8121
11192
1340
3220
7644
722
1018
9123
288
1667
17178
17294
20000
11645
16183
2865
13137
19997
9930
12948
12194
15065
19243
13285
9026
11442
8130
16964
19284
8615
12294
18615
4779
8871
19148
12414
7473
13204
5226
18234
18218
16466
12268
9663
11517
4454
6108
17463
18935
16649
12108
7299
14226
18825
2220
10293
11033
10889
5553
6328
14525
6021
10284
10754
10918
5940
18220
15149
6005
9246
1105
16878
12100
5533
13049
8250
20000
4946
1602
785
19494
7721
17808
15759
15577
1925
12223
8138
6796
16586
18052
10965
2223
1750
5439
17539
6208
16228
19736
5447
3552
7901
20000
534
7082
20000
5329
14880
14379
2817
66
17323
12255
14432
11507
18119
14984
17992
13137
322
9827
19420
5525
8657
19258
1527
18595
10080
17531
16687
5221
11349
12463
16550
5565
8386
4379
15344
10322
2866
11025
13082
10847
7674
10184
16843
5027
11990
20000
5902
17847
18349
10707
11701
11213
8562
17183
339
16193
142
2703
3005
15896
1460
13840
18267
16908
7447
1776
5456
2596
2459
3272
8588
6515
20000
13389
11324
14204
6860
17731
15505
13324
5199
8335
12486
15756
9463
2285
7249
3752
1357
9266
4798
4549
19552
10290
2566
11483
17424
14992
12271
20000
18227
10940
14009
7019
3063
1476
1462
14147
3687
11292
18792
6388
12299
13432
4011
16007
9882
4166
6200
7710
7245
20000
12965
9967
20000
18763
14405
16781
6600
15581
159
12257
8083
9837
9987
17893
16358
18260
4104
17436
19708
3847
4842
7430
8043
1464
14696
14981
9562
17845
11138
18684
3286
4931
8207
13621
9248
11915
3891
6431
10005
9684
7441
18292
14844
3834
759
813
13753
1397
16252
2548
13563
1471
20000
12899
16186
2123
11588
16098
8564
17305
9983
8508
493
241
10223
2531
17332
1575
17492
2524
16603
8020
6076
14099
11600
5548
9730
7705
3628
3144
17017
5034
11294
15941
11078
1942
6735
13266
3002
9626
972
7405
6724
11706
603
6807
19715
11040
11105
2618
318
16026
18645
10398
14914
17814
4705
8878
19780
9957
17244
14742
14156
8981
4015
3189
1847
1522
10704
7846
1117
5694
7097
2575
11016
5421
18412
16284
13526
1659
5194
15983
694
9940
2872
18012
14403
12303
16639
5346
6991
3765
14030
10410
8768
17928
2365
19520
18526
3084
8038
17539
20000
12475
1002
3743
4068
2013
14836
4007
1662
16446
2331
19925
7742
20000
2314
2785
19034
8265
16644
16929
20000
961
10657
5039
3287
20000
11083
757
10146
10120
6965
19698
908
15263
20000
12150
14828
588
4741
13476
10010
12032
4183
10993
19164
8707
7820
5697
5156
20000
13422
15131
5742
18069
14777
6462
4431
9324
12356
10841
764
12628
11367
7065
9723
7160
17038
10761
12141
9762
8744
6588
8474
691
3307
6347
2098
4604
12883
13787
15601
11549
15845
18062
584
10869
12025
5915
8339
4298
10317
18993
13248
4778
20000
17930
5096
11152
9844
14985
10459
11051
1915
11197
18649
18231
13172
11696
97
12542
3844
12584
2652
7380
4032
13828
5629
10965
8673
5186
19468
13160
15199
7535
7165
18843
7018
7773
3068
9409
4152
6128
11577
4737
577
7585
11984
14924
3807
8779
12013
17051
19480
5912
16062
472
13059
4483
549
6962
2748
18048
5257
11330
10479
4512
6338
9342
20000
15094
17706
8900
4602
15881
16894
12875
11330
12068
17950
6600
8764
10145
6912
1940
16125
2443
19746
16211
17003
1882
19472
8056
17491
11785
9288
5347
8406
12020
3136
8379
7901
9796
20000
16243
17975
4107
18979
4229
16789
18535
18119
16534
13885
5218
19012
2645
1995
3670
9843
16225
14546
10168
7034
923
6946
14471
1242
17135
19910
8823
4346
3604
20000
4329
19289
10657
652
6104
3260
9985
11230
3015
5202
16090
10125
11373
17269
11681
10700
9786
4428
16940
13170
446
6309
18348
12986
16330
18066
2326
2138
174
10302
12000
7511
4212
11137
736
20000
1916
18385
12483
12806
14233
10451
6082
10467
19505
10415
16535
7144
6434
10074
19891
30
6204
7354
19183
10985
8888
18832
8377
17628
18969
1651
6848
14622
13297
9636
11432
11747
16435
1603
19652
5258
18906
12330
4969
13480
9510
18176
20000
7179
15460
9341
10718
16364
18651
9905
11676
3436
9381
4491
17338
544
6384
4393
13705
20000
11270
13741
4236
6713
4590
18531
18148
2458
17710
12057
4497
17645
7927
7250
1115
5116
12687
4387
16360
18252
14711
20000
11167
3151
2737
2012
8272
613
13658
14084
6683
4835
15610
6688
15140
16421
2433
19011
11649
9435
8470
6010
1407
1397
7273
16799
15978
6328
9775
7896
13496
17176
16231
2531
529
16284
13437
15743
14110
20000
20000
11156
9631
6021
11244
244
19805
5486
18707
4384
60
18952
18164
18389
12220
16691
3457
3094
411
1423
7684
1424
1484
13463
16273
3374
17921
688
7605
16426
9340
19818
6687
6103
14919
8960
10819
20000
12313
2702
8425
1391
17640
7297
1041
3699
8032
12569
16204
7399
7363
2702
14487
20000
17384
5010
664
10731
8445
3281
7858
6551
13556
16627
5310
1154
915
4801
4783
5723
19304
11175
5761
17155
17424
719
13344
13289
1137
10668
13856
17502
2721
3577
11871
11504
5895
10713
2106
3546
2035
12709
9521
8234
5018
19723
19212
13352
3422
14389
4965
8503
19109
3240
3448
5463
11493
12813
9160
18059
11118
15033
17668
18104
14705
13826
18971
16161
2241
660
5497
14919
13232
6552
3704
12048
7375
1028
9125
4739
18097
679
3460
16344
14538
7152
15378
5857
9567
9727
13294
1984
12873
9578
8007
265
11834
12437
10553
10213
4396
12246
7695
9267
19967
12222
6919
12672
18527
10982
19001
10231
9927
2020
14863
7361
1682
11362
4676
11184
5001
18850
14978
3791
2069
12282
18037
20000
16161
3674
16485
5136
5492
11812
7176
16035
3784
8480
6669
11097
5696
4645
4069
19430
7489
9678
16410
20000
17145
2765
18324
19503
14310
10977
3388
13592
16381
7396
12506
18604
15526
19197
13926
19422
1696
3858
16303
14142
1867
2484
18211
8604
9007
107
8555
10729
13455
18620
12914
5409
12859
11329
9427
15556
2708
13279
13391
7546
19751
380
11944
604
10334
16975
3059
14420
14595
19813
8896
10631
318
2916
7922
4423
2128
18451
13192
9607
5119
1275
5724
16567
2875
2569
11396
19636
1365
6533
17323
13116
4567
14966
10194
15172
8821
8389
12523
12366
18572
10503
16742
15082
17827
20000
5004
1677
10734
13239
2279
8357
3402
17527
2357
10347
3770
17145
4272
6046
8381
18884
405
9432
15633
7695
516
17627
5978
2626
3571
8713
11748
9041
3899
10319
19397
17831
4155
18591
6448
11506
3019
2551
14471
7942
2619
8462
17443
20000
20000
6890
4579
2280
17925
12209
13307
8950
1332
1640
8814
7203
14636
12124
3549
10921
17892
17112
9133
3807
10323
15406
9173
14182
20000
13366
7888
11802
3811
8631
2773
12178
9767
12876
2417
15554
5472
11398
10218
11427
11648
14621
5861
19636
13970
7615
2245
10549
1050
5895
14981
1984
4387
4908
7822
9468
11612
10134
4329
14563
19153
18048
7331
9911
15808
2303
16053
20000
10100
2570
17492
7389
11912
13514
3263
6997
11752
6296
13818
19793
7105
19021
9005
14607
19666
2502
3114
13363
11656
11633
6780
418
9553
20000
16680
12977
8094
1108
12903
2323
465
3103
1931
4218
20000
1013
10403
4289
18084
15864
15533
9572
10264
2405
12749
11616
8569
1296
16316
20000
4870
18589
3588
18207
14181
11749
8964
1383
8444
6528
7089
19009
11546
2788
19932
2678
3003
13549
7019
9411
4099
16737
3171
17460
904
16372
16851
18489
1910
20000
12714
12325
17632
11429
19627
16016
7239
8828
16947
14934
5585
11057
19150
14588
3866
14769
19980
14119
16735
4556
12841
4268
154
5187
17472
15774
170
11287
20000
10390
18878
4359
9967
19376
10914
14756
10241
2149
14615
17934
6276
4366
19470
3933
5324
15794
17365
8606
2050
18213
9314
6351
9852
10100
13921
7609
14485
4642
1383
16870
10679
5476
1266
671
13004
15372
8293
2479
16991
18404
8115
16340
20000
5465
5186
8718
17768
10745
923
1201
12384
6118
8645
20000
3015
4047
13264
9590
19450
18974
19390
12853
12122
7528
1480
6074
14894
9870
13750
17879
13992
20000
174
8414
10049
7045
1814
9610
6295
12256
12368
4691
16682
987
9783
8327
13664
9892
16644
10456
2649
12082
13322
1710
2444
13055
11991
831
15726
752
7311
8015
700
12590
13447
19948
16571
14761
6357
5813
15968
18301
7478
12620
2485
19051
6600
1593
15884
3918
18200
20000
342
16116
12879
11121
5817
11633
17992
18572
20000
3136
3618
1475
9376
5902
13406
13382
18927
8137
16575
4137
2307
1258
19600
747
5843
14410
7910
9801
19836
10442
3369
288
2556
17247
2296
19455
6327
8078
2123
9844
16268
4082
18875
9056
5962
8187
1809
1092
6813
19255
8893
15948
7728
3757
15106
16851
19102
7426
11741
11727
10059
15737
12246
15478
1279
1303
15310
11240
13239
17287
12766
7905
15161
15831
9856
19544
84
883
6820
6658
15110
18218
1000
6863
13960
5528
12859
13780
18124
375
3803
6709
8771
9201
11337
965
10482
2613
10979
17592
11824
17627
12891
5861
11021
4895
14716
19671
19633
16308
7079
11150
5770
17083
6868
16621
6164
13452
11496
16358
10202
19918
2274
4440
14732
19592
19028
9623
17417
10732
9165
19333
11509
20000
3340
9847
8058
868
349
18177
1970
8859
20000
8983
10130
14814
10191
12510
17491
8110
5125
7308
7735
17025
2813
6571
8769
14141
14287
17987
7394
1454
17176
5286
1497
2215
14654
12236
15137
7938
2377
14475
11868
13222
7235
13137
677
13744
2760
6089
9113
4236
41
12111
16707
11753
8098
7326
3338
664
6406
16003
8821
5624
15568
8269
11487
14553
16137
14374
4632
18939
19617
7730
6833
16997
11760
3833
2985
18784
3418
3302
934
10280
15181
1820
15241
2591
6648
11092
15008
6314
5618
9167
14986
14823
5410
8115
20000
13913
16998
8539
3597
18613
20000
81
4624
17935
4771
6903
17473
7363
19678
12166
7000
8161
8264
18173
12813
2860
6994
18007
17561
14484
17397
10794
13603
16976
5293
1461
9331
9162
1719
3903
3905
6000
16529
8957
3559
6489
4777
9346
10894
18392
1211
8559
8423
7957
6837
5827
7365
184
1188
4293
3316
19415
7212
14324
5043
10447
623
13900
18775
11034
17907
2995
6572
4587
14156
189
13103
1804
7955
321
3778
16969
6549
15328
10759
14176
1284
14161
13081
9985
6398
5271
1146
19186
17914
5601
15080
1168
12961
10129
1583
11745
1644
15004
15256
13710
14156
16997
833
16030
12692
17696
14816
13797
14511
18165
5892
17600
7982
332
10501
2527
6456
15197
17550
1333
19698
11184
8434
15570
3329
19626
7333
5795
2425
14618
16660
18711
14025
2958
8620
13146
14314
14217
19485
16956
1773
12468
18037
2965
10275
14256
6442
4153
18583
3362
11914
15417
10019
7110
19356
12787
14629
5906
3347
12990
2224
12052
7023
19985
12664
10578
14507
12136
1920
19938
13115
11272
10768
9340
10688
7171
3213
1949
14863
16487
5143
18133
6596
13571
3885
1648
19843
4870
7620
11339
17509
17456
15072
7198
7796
11030
18714
11222
1157
4766
819
19312
9321
20000
6713
3074
8828
19630
4488
12880
10882
13401
7738
17950
12964
5715
17224
4301
9435
9419
20000
12573
771
20000
3872
17842
801
17506
9298
3536
13152
16817
14359
9933
18685
12138
1425
3595
17156
12614
2690
6661
10313
5677
16956
20000
18464
16041
8596
7028
5960
8423
16282
11964
7729
13635
558
9534
11637
18617
13625
13744
1295
15319
580
14607
1866
12859
19489
4951
17017
19856
6262
19326
16690
15102
18535
10742
132
17998
19426
3582
5619
12858
13032
9502
17547
19356
11154
3658
17866
19395
17432
761
16916
13958
9174
1327
18073
16084
918
9076
1682
13785
18267
5737
17964
19183
9030
19714
19269
16073
20000
16366
4816
4397
2865
8617
15175
9521
9454
11025
18802
2416
14119
4779
8693
9517
12997
19767
8177
10300
4321
10808
7908
3670
7097
3828
14398
10676
7962
7878
4621
9640
16945
12723
12680
18804
1661
14836
88
8552
15943
14416
19337
17101
10358
15717
14895
4830
16562
12559
13474
13997
19786
17299
16049
2114
7452
11359
2717
16098
11979
16109
19274
19770
5124
9350
3720
967
9473
15300
12128
15921
4411
18393
13580
6817
14867
17898
14149
4082
6073
13835
18076
5087
11732
18361
5918
4751
15643
10936
603
7782
5163
12297
9278
306
6826
1903
7851
11335
9658
13284
14645
6579
13121
6476
5724
14186
12174
16400
2780
3220
12679
14082
11137
7326
17807
3465
6026
17544
4682
7132
19556
15858
13897
9613
9501
5832
20000
4272
16140
13600
7591
4442
9210
14880
18532
17401
6583
17654
13757
1222
6296
3433
16378
12526
3444
5617
17604
3492
4091
2437
20000
2391
10911
2869
14056
8855
7137
10328
10414
3820
17832
5621
18329
11141
19234
427
2692
1954
18522
12379
6064
17171
14228
9765
6571
1780
10778
2832
8859
1940
17138
3537
10071
17811
5601
15313
10790
9304
17363
18022
5389
10653
14804
2394
14939
9059
15400
8043
18529
18386
9370
8920
3659
17012
16069
7733
5057
5610
16867
14252
4430
11331
19090
14432
5937
1659
14640
15686
4672
11205
4922
257
17184
16591
17264
2667
6988
3310
20000
11485
15843
193
6429
19873
20000
12008
11716
10060
17623
1940
9738
8944
12932
9005
6107
6176
6523
20000
4935
1636
2684
20000
7445
14437
1705
14979
7970
14239
2462
15678
442
20000
19071
20000
275
3945
20000
19245
3089
6654
5575
11578
4517
2146
12941
17388
9815
446
2712
19528
2906
15779
13555
15591
14534
13976
13217
17017
9973
9865
11834
19184
15787
16104
19990
6887
9091
6361
12756
13561
6467
12492
15895
8751
14043
403
12779
7326
10418
8956
12458
13809
18326
15797
3555
4806
13611
18191
8559
1401
2535
14858
17176
6227
11526
19379
12170
6922
4128
15506
7336
14435
8371
13408
9121
20000
9707
4960
18932
11707
4374
17879
16374
14723
5554
16085
13596
19007
4953
9854
5247
4825
18019
11671
2182
12159
8265
6360
6056
12501
17568
17440
9939
13436
20000
12973
5401
17521
5225
15903
3467
17563
1059
5511
5611
2826
15518
15890
7929
15520
16648
461
7896
10585
3055
583
16103
18955
8066
13025
3414
3472
12473
8998
7802
16711
16001
18892
11464
2166
3734
14336
1555
9595
10014
81
17484
7076
742
403
19914
633
8725
19220
18511
15459
12883
14492
2641
2236
584
4575
9940
17393
901
11881
12838
5802
5236
1522
8891
9780
11263
17974
13141
5443
18101
11994
10958
18452
9375
3413
16831
16759
11833
8623
8032
12179
3700
11396
254
17378
17976
12998
14787
1396
6896
12610
988
13372
1360
788
9477
8499
17726
11171
3886
11942
2616
19629
20000
12449
6061
5528
17080
19941
17539
8475
5063
4121
17397
14019
2919
15048
9392
16178
16819
5540
3365
10537
73
14626
16066
11458
12268
6261
10926
8370
13661
6892
12807
8812
2778
4789
20000
16830
10670
10556
14816
13355
12838
5175
7496
6769
3862
9009
8203
6903
8793
4663
15550
17343
16876
3482
5216
16355
17309
11652
5186
1279
2896
20000
5803
20000
4965
11324
6576
19008
17597
4903
13952
20000
8065
18062
7204
13724
14048
4931
15186
6170
269
7057
13583
7308
17773
4991
16150
1007
4625
9363
20000
11300
7062
6774
11236
19999
5969
6537
15736
9268
11264
11566
16785
13455
9496
4651
12685
10231
250
8523
3372
439
18996
179
13288
15148
15715
3397
2159
18889
8647
15738
10532
752
16394
3318
3194
1139
3923
3866
12131
9382
9712
15489
10109
2915
10561
9362
18354
1508
16482
2980
15251
15358
14328
1685
17827
18723
15085
9034
12496
9144
6641
12334
7709
10513
8450
13275
6094
11664
15661
17573
18828
1739
5980
4333
13719
1578
13418
14344
13854
2798
16257
12250
4730
4853
927
5252
17126
11885
17479
7300
7473
14263
10425
13214
9773
10636
4422
16794
11573
19809
6255
13885
15069
11340
1588
9480
11707
18059
11452
2522
1545
7928
17868
10920
789
14630
5461
11395
2161
10174
16083
4419
8394
4242
562
9108
12111
16274
12023
2475
11460
12724
15435
5362
10177
14546
15544
17202
8836
16387
15423
11923
5979
11000
9648
7977
104
18580
1215
12309
20000
4868
3885
14814
7827
5490
2381
16307
457
3194
9514
3643
7330
15012
17283
3346
9136
15738
5806
6891
6999
20000
4554
18738
475
19727
15088
12645
13124
16398
15166
4662
3477
2950
14590
19670
2191
15699
2593
7994
5778
8853
14819
11899
20000
18989
101
1878
8572
6666
11395
5755
3533
12601
16563
20000
19708
10331
16279
19194
7148
16259
9463
8168
205
17003
9243
11230
14605
6652
3180
17990
2677
6968
6661
10589
4414
12434
19370
15646
1396
15443
1799
17561
15226
10068
15577
5671
9830
14963
10272
1820
5100
9901
4670
8458
7816
19827
5521
261
8867
14228
11551
9792
3774
10014
1295
10725
3403
16716
18388
19542
4509
6744
20000
10500
20000
10680
19517
8318
1909
17519
291
7641
10764
15363
13465
8667
3834
9892
4539
6829
16204
2151
9510
2179
12581
12035
3057
19410
5624
14283
8899
3840
19264
16815
6239
5137
3156
7653
14001
9555
3054
9859
8956
1041
3080
14268
10877
14738
18311
4656
13561
17353
7181
7165
11439
18394
17862
9165
6619
17405
3426
807
5276
11322
931
20000
14454
15598
6151
15844
10897
12040
9650
3336
20000
4843
9136
9617
20000
13459
12758
805
10316
15283
14906
16716
222
13846
13542
7522
6640
7473
10442
12349
14199
14204
18132
5074
5966
1030
3232
12088
231
8035
3882
6737
10051
12929
1272
10246
14043
12674
6278
7822
6693
7503
19533
19127
11876
18799
5933
15115
7786
1196
7688
12204
5682
7374
17331
18638
15926
11454
4639
12231
6556
16858
2997
14887
3388
936
12018
5305
20000
20000
2736
19593
19983
19216
2294
9067
11556
11904
14930
15986
6265
11208
11600
15065
11327
1667
8859
17277
19577
19571
6907
872
1096
18701
6403
9808
6218
5601
17736
18964
15796
8587
477
17871
9617
4926
2362
582
15884
8667
2774
9940
19085
16166
17415
14164
4035
15868
12911
11133
6624
14370
18478
18629
6068
123
9136
6445
18740
16075
17379
17990
16040
1519
8269
19092
15548
1714
18551
16899
8537
7856
11991
8842
8002
10534
13742
15508
7938
15805
7518
13630
723
16361
7648
6853
12260
4333
20000
4058
10836
14585
10095
5615
683
17242
10508
3761
12093
19098
15156
4302
6697
13679
15140
8103
10718
10527
793
16172
8260
3968
20000
19661
2336
7448
11888
12160
16171
2840
20000
5798
14911
3764
1761
11071
18115
11177
14480
3810
1770
15628
11437
10988
503
12742
18819
12249
1631
5610
15802
12189
19844
13372
5239
385
7544
16012
17254
17141
7744
19421
13487
4821
19373
8364
13024
12661
9707
16321
1785
19895
5454
3099
17245
6355
2421
11165
5278
3346
3442
13068
7360
16421
15283
15797
10553
15211
3139
390
6951
11758
10546
16673
11354
9058
17448
3554
11435
12306
1340
9062
9541
16190
7966
5647
4545
18654
18088
6541
11008
12601
17192
9493
8352
7974
11855
14747
12417
14212
13533
5919
394
14578
15339
18152
17841
736
4468
10055
5819
17124
9766
20000
4264
7243
1794
14292
17685
13290
2152
15624
5707
6123
5110
15060
4422
12717
4257
19704
12705
3298
1369
8370
10790
3078
7835
11150
4700
18332
7778
4974
1201
12145
17378
18474
15355
11905
9007
2835
14374
12351
6322
19641
7068
12879
716
94
6448
14047
4894
14136
1112
4420
3505
2623
15499
19466
11688
19989
13702
13681
2507
18341
7305
3209
10934
4067
1537
11330
308
16635
17777
15093
1898
11623
16234
3143
12823
18773
15752
5412
3548
5289
5654
13876
1311
18031
10884
16663
2923
5617
824
16135
14473
5433
5743
4557
6860
12360
5283
17137
11924
15337
4356
12206
10353
9414
8032
10165
20
