927
2919
3749
6022
574
491
5535
3201
2052
6081
6341
3326
2484
6234
166
6678
4925
491
4718
2832
3457
5633
697
6641
4069
3262
2368
3624
6217
6091
5073
4907
1283
3684
3558
4495
4884
1515
1862
3379
1360
1186
740
2632
418
468
3022
6631
4971
5820
6514
3966
541
4730
6163
1934
4669
5095
2023
1527
325
226
4894
3612
138
984
3766
6235
5532
4558
6288
6014
648
2456
6206
6597
6097
2415
1448
2978
5650
5153
1486
889
1166
6347
385
4434
6264
5309
4269
208
4572
2661
1571
3823
4400
4887
6622
1756
2534
3332
2602
5887
952
1038
1434
643
1179
5695
1121
4014
4301
2963
1137
5444
3898
6237
2228
1071
5400
1865
5418
150
2583
3193
4457
5348
5102
1837
2873
6146
2778
2893
6560
3226
795
2015
832
6706
481
5882
6340
521
562
5804
6535
6071
68
3216
6044
3915
4025
1722
2071
4768
1310
1333
1422
1976
4909
5288
2295
3123
3022
5735
6573
5031
1787
3314
3220
4301
4129
3483
92
3242
4751
319
6723
2688
557
4412
5808
5099
3859
963
441
4244
4675
1382
5125
5476
1365
1595
3339
3814
5919
949
5788
1889
3676
117
3322
3670
2465
6179
3409
2504
1268
894
5571
5687
2812
1312
1225
1412
3045
3785
5644
2288
3835
3838
2558
3508
5094
5408
4816
1233
4307
6191
5516
3624
2918
595
867
1510
185
5218
5301
4314
1025
3899
5484
5620
1459
2082
4195
1534
6312
2861
3246
1199
5025
5552
3859
5286
788
2189
6726
2431
6168
2660
2402
5777
6353
843
1296
760
554
4044
5528
4606
3470
6535
6411
2846
697
5660
6294
5008
2728
3078
3878
159
1102
4377
5370
6411
4346
2284
5977
3144
5901
6424
1763
2145
5418
6074
426
3728
1448
5868
2024
2153
1660
3028
3601
1052
4535
2754
1780
3346
1017
729
4339
72
5263
5579
3237
3555
3962
5317
391
3273
808
3230
1143
5954
176
6012
911
697
3576
3093
2131
1708
3649
2863
6187
1286
2149
5516
1602
3740
63
657
2632
5073
2925
2701
6537
6500
3306
1744
2052
291
2734
812
5986
224
3363
912
3521
2443
1212
1464
2122
4187
5958
1496
3158
2931
2560
4063
4260
741
6303
1763
5794
298
4325
2175
1253
1097
5273
2353
5759
3055
545
975
1654
3640
3194
2574
4703
4926
2332
6118
6719
3388
1416
4535
4774
6488
5338
2877
4331
4968
3553
336
5864
4425
3299
4923
2775
3915
880
857
5433
2505
3942
3401
1211
5134
4593
2617
3285
684
3065
4565
6372
641
5212
6535
6147
5507
2711
6137
2242
328
2968
6240
6008
2675
340
2278
5540
5756
501
1078
5228
4217
4367
880
3070
4142
4063
1550
5726
413
5198
4803
3092
454
2040
5311
4407
5986
1941
5052
4358
4324
3078
3645
3661
886
1561
2305
791
3009
4196
2181
3002
3446
900
2266
4927
4074
6254
3059
5371
1199
263
311
5359
1283
1271
6610
619
4860
668
1123
2516
4851
6265
892
53
4634
4118
4934
3873
1186
4522
6597
161
5782
4345
1850
5238
4084
3921
5602
5166
3409
1655
692
615
4740
5350
2618
6555
1722
4115
3587
1673
4777
774
828
156
4798
6090
5502
4475
4442
5994
6471
1422
6053
247
5774
3533
6628
4168
1698
367
4482
4838
1402
4759
437
3123
6497
4711
4952
3808
198
1609
2951
4102
4003
1244
4585
2475
2209
5252
238
5759
823
1538
630
4015
2639
4651
6598
6159
3359
33
2401
1201
358
4038
938
4056
5520
3117
3443
1990
3451
2530
4625
6437
1350
3452
267
3107
1594
5914
2110
503
6306
3567
1625
3950
1265
1875
6576
5331
5855
2228
6059
2616
125
1955
6485
2361
2904
2223
4990
4998
1946
348
643
5033
4665
2743
740
5173
1559
5968
818
3495
2768
1406
4786
5420
5038
1404
5393
3889
3409
5037
5763
3694
2649
4870
4218
86
4263
536
1990
1194
5832
2800
4787
2546
582
3418
3626
686
4678
105
1268
1995
6334
76
5845
74
2294
1326
4423
590
281
2252
886
6127
6529
6639
6522
4451
5014
5996
4430
6486
4230
1476
2501
6461
4116
3547
5538
4509
2642
1374
4440
2374
1489
676
2096
623
5714
5687
6413
3060
2187
5618
253
1133
1966
3188
4304
4787
5141
2003
4692
6394
802
4939
692
2340
5592
1105
6655
1267
5571
5095
2786
5726
2387
6364
2990
4545
6697
6225
5927
4311
6422
1389
6686
6670
4170
715
5589
6570
4291
419
4509
6541
6129
6663
2029
220
5748
6732
710
3183
697
5154
2278
6717
1803
2671
1201
4141
3975
4087
1004
5184
5677
1920
1645
2943
3723
5562
6407
3403
4575
2195
4725
4375
4179
5494
4095
4966
4785
2821
994
6136
377
80
2723
4209
5444
2107
926
5702
5273
5115
2319
1788
4621
1538
3172
6447
5940
6622
1732
876
5497
1060
555
5737
998
1084
6111
6415
4982
1112
5609
5337
5275
3031
4144
6586
3371
3710
347
2060
404
4463
1613
6717
1968
1396
2425
33
3829
1346
1685
507
2727
784
3984
6277
1155
5686
3847
3130
1322
4220
5852
3698
3993
2491
6322
2544
5062
5457
4616
2162
5132
641
4155
4361
1579
6621
6345
1902
3759
2860
3774
5469
1635
3250
1440
4642
5674
2490
4830
3431
1308
5456
1437
5319
4283
3556
5330
2889
5382
3211
5612
3912
2597
4256
1811
4678
1915
6031
1825
6381
6549
2571
6592
3799
4388
45
3930
2619
6043
523
3521
754
6350
6017
555
608
1774
1585
5081
11
