465
5710
5138
1351
4775
1240
3713
4642
4385
4921
314
175
5984
875
789
1681
939
5392
1536
3641
5047
4362
2421
2969
5636
3128
315
1144
5616
5698
4772
4429
589
5371
3311
2755
5579
4007
3970
3572
5831
3510
493
2696
5017
2694
4035
4998
1455
1656
4299
874
3522
52
3170
839
959
2565
3609
2879
5168
2480
4832
2357
5292
3672
4255
5871
1179
1510
5895
1763
4159
4101
2112
183
822
4337
4126
1781
2008
3534
3902
209
5288
3797
5044
1070
4526
2054
5302
2937
5241
1463
2446
5769
4773
5631
3105
4855
3545
2145
2208
2003
1524
5194
1704
2801
3296
2073
625
671
2897
1823
989
5395
3833
4359
722
318
5157
1909
3869
2500
5093
5506
398
4577
70
3815
3034
2304
4612
1457
4481
532
1265
654
3240
3360
2480
5488
4697
3376
1979
2389
5956
3693
5623
3177
2096
5068
4232
2228
4555
3058
851
3988
4323
1555
5463
3194
3464
1089
5535
3581
346
553
5593
4562
4141
3399
1201
2771
2855
2829
1455
5322
789
2150
2710
1926
1814
1383
351
5255
1005
1123
2961
3886
469
2096
1047
3421
962
3775
4406
524
2641
803
549
177
2500
4441
4732
744
2914
5023
1733
3354
4628
3769
3252
3079
1715
3478
272
689
3953
2510
3015
2282
1609
2990
682
636
4278
1344
1530
417
1524
5916
2781
2160
1089
3566
154
4177
2102
1446
2872
5856
4549
4971
3343
246
1390
5296
439
2642
5553
3731
5031
4685
2095
2376
1960
5994
1357
2184
5360
2222
5110
201
2290
3891
5936
5402
2892
1741
2712
1211
469
4006
5207
4667
4616
3415
715
1214
1309
1568
2335
1781
5529
832
887
5070
102
86
2561
2239
5039
5210
1622
3356
2729
5747
2608
5363
6018
4961
4052
3595
4824
691
4718
2862
1494
5777
5138
1301
5930
1126
225
1426
571
3485
1123
1227
375
4879
3660
1802
4760
2503
5859
5423
2341
3145
556
1289
1025
2408
4599
5236
4404
4077
4832
2677
2150
4441
4503
1157
3939
2214
1904
136
5890
3747
5971
1904
5446
2565
3022
763
898
4391
5695
28
444
408
649
327
398
2130
503
1404
3447
3103
1316
2365
1326
1884
1941
4321
1115
5278
2315
4745
5296
2622
5690
3104
28
3319
5674
2278
3138
3353
3622
257
2033
5809
2819
5734
4214
4902
4790
1636
4860
5676
920
3985
4201
2947
2657
2097
4428
5364
646
2519
3855
2454
4808
2590
5787
604
5655
1802
857
2539
295
4012
5212
4778
2931
2265
5550
2781
4463
4688
3060
3469
5412
5594
3927
4980
5899
973
5334
116
2307
1468
2781
5618
1866
2145
5868
744
4072
2580
1847
4946
1479
1157
3217
5113
2677
1584
1053
3278
1688
4070
5745
5519
17
