176
2026
328
2966
3403
1667
3019
558
2312
1354
3241
316
663
2737
2240
1933
506
3015
4100
1073
3316
1178
1932
3179
3450
472
1728
495
2655
1468
1491
429
2535
1075
760
2666
2126
225
1026
4138
1433
1438
3372
270
2831
730
1513
2893
2258
2418
1305
3495
3629
3115
3101
2481
4014
3213
1807
3222
1365
1592
2880
4184
690
999
1897
4050
2893
1907
474
3910
2342
387
131
182
1141
2288
2163
1991
3706
767
2703
630
363
3881
2001
294
1591
2393
3200
2000
48
3368
1946
61
3839
1819
1493
2200
3489
1983
79
349
1480
3167
257
607
3457
1087
173
2126
42
3371
1863
2804
3038
1638
3102
1583
4268
836
2261
2530
3682
1386
1282
2605
2082
3655
3899
1108
1482
3588
3962
2335
2788
4259
888
761
4106
2441
1843
812
1183
2313
3919
1700
629
3075
1233
43
4217
3062
1553
2065
3274
2371
2286
4054
1782
952
906
3807
3519
1905
3722
3544
2787
1764
1194
2290
2571
2420
1441
2918
3759
9
