9790
9911
5797
10088
6232
5424
14239
7955
5627
10691
11975
918
12762
2506
7249
2746
5842
10914
12636
1029
10302
9707
13291
3269
8781
6721
13491
10496
8473
7954
3763
11370
13266
11215
13912
1498
7847
7801
2463
472
1465
7380
14401
1424
457
1345
14544
9862
4997
12137
2994
9860
6059
911
779
10848
12390
2099
3542
3326
14432
1672
13400
881
14416
6088
11182
13436
14050
3679
7541
6078
4491
1888
6907
3843
10634
14327
9443
8034
13234
9296
10893
8419
8389
3692
12406
6714
1616
6343
4458
14437
9340
6219
2469
6193
638
12264
10782
139
6740
927
14032
4859
6151
3652
2973
13962
4491
10824
3795
7226
6119
7616
11057
4122
1091
4523
8713
11295
8959
4306
625
6171
10977
10323
6962
8319
11956
599
2585
7694
1963
7776
12537
1667
3208
9079
14323
5770
5806
8595
4838
7975
11753
891
2079
4118
4211
12064
575
5562
13112
4418
10995
11217
14371
13528
611
13779
7354
2513
11351
14485
6899
13493
1941
8492
1874
2805
10425
142
3561
13249
13708
2346
4486
3676
8363
6272
3573
4772
11688
5200
13368
14465
7367
3621
6074
1289
706
1756
6023
3783
11403
7639
8598
7067
6033
13194
8130
4379
13012
6089
12511
12215
10420
7590
1667
10201
357
12217
7205
588
4070
14586
7195
12901
3741
1650
10259
789
12143
7107
4731
5729
5593
12630
12278
3185
5671
6875
6165
11924
8125
5621
1201
2730
8794
13460
4822
12014
12801
14206
12621
8623
7389
2792
11223
3357
13827
910
8565
5233
1266
9173
14405
6401
1551
12804
8554
13322
7779
8446
9019
12577
5566
12122
712
12041
13506
9755
5540
6832
10905
9990
3465
7332
8917
3537
11334
14084
9069
11586
8795
10092
1676
8032
7784
13170
13495
9384
2712
7262
5910
3920
5021
1921
2325
7488
9768
8952
306
6755
2756
6682
10740
4846
1546
5678
9912
7249
13485
7405
469
3908
9979
6944
10836
2819
8479
4464
3584
6496
12973
6554
2640
8502
6064
10115
7342
2404
2053
4605
4582
6725
12918
4750
2887
10552
8870
7513
5943
4256
8114
11814
601
7445
3817
5630
12311
3650
4870
2714
527
7033
11651
1258
8928
11419
5903
5035
11389
8855
7760
14658
13789
8187
3613
5047
4559
13044
4167
2335
10770
6967
4873
3539
13703
6799
2168
14270
11374
4833
4895
14521
9534
1122
276
10977
14054
4633
9621
6999
5968
8551
9257
5278
9689
7408
7632
9647
5071
13926
943
12219
8993
10162
7252
10293
9190
2380
12597
3030
3602
1458
8340
13871
4733
3311
3345
1023
11541
13478
14043
11578
217
3141
2681
2185
6309
9765
916
10327
888
11916
2601
6136
3089
8632
4327
1231
2523
13544
11267
8860
583
11162
2096
163
10507
12140
14621
7436
5890
14030
7475
14215
12618
79
3260
8846
3547
644
1619
12236
1144
2134
13659
10278
10104
11055
147
4712
8541
4456
2617
12054
1622
14248
13547
2019
8473
2216
135
9754
14177
8340
7009
6787
1962
14580
9883
9589
12438
13851
7903
3027
11640
6986
5770
13845
3476
2077
11821
1390
8731
3712
10176
10922
13437
1898
12948
1455
1427
113
180
4225
13929
6774
48
363
4090
1739
4269
449
1266
1764
6704
10478
326
5360
295
930
642
8268
6862
13947
7955
8553
534
7809
11210
10830
1204
11808
12938
2749
14231
12703
8002
11904
348
10646
7986
4116
11453
344
2021
32
3332
3848
2247
2879
6496
9194
12591
8868
5655
5976
9765
614
3346
10716
4221
14164
14102
3230
9550
11372
12957
11074
6654
10919
5561
6076
2447
5693
12706
4053
11148
2691
7490
1389
7018
548
11566
5799
9732
7035
13990
13464
14051
1295
2283
11929
7977
235
12289
6096
9752
4603
9990
3018
10556
1079
1221
14688
12082
2609
9701
8816
9307
2603
8517
7734
10575
3428
4136
10552
11076
3291
440
5706
8453
13622
1615
10451
11192
2450
13483
1366
5820
10696
12501
3210
8178
2171
2898
5555
7386
6559
1380
860
92
9536
2612
676
12169
12966
161
13617
5748
12086
13335
122
2492
10281
14350
12183
13677
10753
11760
8582
9288
11230
9240
11432
1918
13716
10976
10571
6567
12594
7907
8568
1329
7981
4841
4491
1185
4032
13706
992
9529
4787
8247
5106
2205
2645
7306
13842
8109
7277
10175
4656
6191
755
13127
6118
5895
12611
9579
13750
3156
14185
3600
6455
6514
11595
9207
3086
1033
9680
3769
10949
10795
7908
3149
10044
11008
14067
2287
7288
7146
11141
1436
13075
2043
7466
8395
4919
11678
10730
1518
9182
10157
11170
1526
9914
10871
5446
11918
10618
758
13058
12992
3132
1795
13958
5514
14379
8626
6150
13259
10216
11747
2433
9061
1522
12570
322
11216
13813
4108
2132
1694
12252
4763
12653
13392
12525
1848
5913
7944
1139
6816
3490
7958
3678
1917
8322
6842
8561
9491
4273
13096
3348
2725
3786
8210
8354
7398
8555
4869
2261
7441
3442
5915
9247
10582
3600
742
4712
9392
3428
2329
13653
2544
1253
9204
7280
2272
5285
11695
13041
12816
8948
6649
11468
23
13923
5160
13943
9307
1627
7947
9010
14050
7519
9034
3241
4443
6385
10222
7092
2826
10302
8121
2453
2976
4519
4932
9802
3731
3691
10994
13649
6641
6527
7453
11580
8473
14215
9987
9318
7782
10976
9810
10600
13374
40
14180
13146
5014
10533
1490
12084
5600
8343
12928
3062
993
3455
8262
9428
12058
7157
872
9146
2291
382
13923
2589
5575
6109
7170
872
13351
10844
7160
2639
5727
3622
710
10303
12880
6720
9039
14073
7528
3439
11999
4127
8180
11717
10270
2201
1913
5938
1784
6346
662
9720
10276
820
3123
3575
2165
5047
2960
1178
9097
7690
6562
3570
14174
3230
10970
13789
9970
8706
1905
8876
977
3839
2810
3934
789
11039
7472
1292
13235
11566
2598
6647
10641
2718
5966
13215
2067
11033
971
4790
3983
3078
4904
5544
9542
9356
1654
5466
5355
13753
136
7929
6735
7760
14591
480
10873
4091
13986
10756
6254
6095
12056
8481
419
5104
249
10811
3000
7228
13316
7705
8012
202
8211
4349
6577
5668
11137
14083
967
13216
14306
9373
2031
4825
258
8046
10158
12875
7400
8135
3305
5545
3018
8152
6241
740
996
10760
9959
8652
410
12243
575
511
3822
10618
6484
7308
9560
2057
13129
7340
9283
4886
11456
12844
9117
834
645
1926
3387
7876
10506
8897
2776
13570
3764
4795
8323
14603
10735
12832
7836
11622
2669
3759
4488
7916
10909
2166
6799
7418
8265
2849
12163
13155
9387
4613
7905
5558
9031
8978
13563
705
2795
3815
6869
9952
5902
9807
11508
2108
13834
13265
2652
11312
4029
4936
10480
13277
10393
3872
14629
6107
4273
14312
7708
4429
14145
1006
13587
1603
902
1284
10107
12242
7752
971
11424
11489
9824
14254
6877
12296
9102
9429
1653
13309
3490
10019
4507
6173
2109
3096
13428
5578
12481
13195
7828
408
3752
1728
12741
3032
13164
7255
5701
9382
9504
10320
7123
4978
3190
13858
14027
13508
8041
7939
6777
4576
1033
2233
1258
3991
2153
14331
5902
5209
9880
6869
8037
6521
400
3382
12073
4975
3207
6647
14605
8435
7984
7126
2952
6518
293
4811
9736
359
6879
1453
11477
14016
8109
11180
3451
10218
4879
10151
14347
5808
7305
2624
12248
3171
2274
10817
12550
10456
4200
8948
12941
11537
8198
13659
10926
7143
3211
13147
9881
6017
5209
5563
7606
7805
180
6925
12174
1016
4592
4736
772
8423
1476
10590
12215
12273
5699
2744
14676
5642
8528
11090
12253
3432
7929
8848
6853
12895
7371
6434
5948
6465
6004
5221
14003
11562
12670
10468
6255
673
8637
5269
12295
2943
14077
11675
14594
2259
8157
9435
8991
5996
9457
9809
5134
3870
14003
13078
7173
13860
807
8742
6017
178
1067
233
11412
9705
1691
14144
7212
3275
2710
3594
13831
759
10925
10566
5404
8655
10936
14614
9236
8081
2151
4497
13205
11083
523
9821
14285
11559
4785
11313
6047
12871
6657
8004
10793
7696
7821
9379
7359
3574
11634
8428
4106
6325
894
9452
12200
7962
5490
7856
12308
7924
267
11279
12827
8975
1263
10018
2768
9368
6067
11594
8595
14508
14051
4469
1833
5223
11251
14002
3208
7385
13186
6439
7533
7134
11707
6003
6531
7022
2058
4609
135
2026
5037
12792
9179
14303
9640
6617
9602
8522
4947
5749
12642
1690
14614
4638
13364
6156
3023
6601
799
12921
8058
2991
660
4004
12687
2268
10744
4115
4570
9740
13350
681
11881
4852
3587
10026
13786
9220
779
1656
396
13752
9264
10615
6867
3853
12472
1842
182
14491
14629
5523
4496
13269
11493
868
5305
12925
10693
11255
6861
4164
3329
7277
5730
6004
7079
2017
11801
10161
12523
11846
2373
8515
8072
10790
512
12444
13733
9575
7673
9262
13595
9618
9552
10118
1153
6411
628
1557
1839
2721
11589
9610
990
8771
9353
3080
8983
3562
2055
5138
2921
5006
556
8861
6228
8715
11167
9897
4683
7495
7274
5169
13274
12271
11049
9137
3033
4881
10888
12624
12098
11529
9615
8270
11351
12709
3706
8064
12928
11742
6396
14313
4081
1795
6054
1895
12641
8428
5119
2424
8222
11671
13238
8928
6452
1170
5129
10491
1792
4165
13446
6430
10248
10707
2387
13843
8052
7422
5591
4706
5411
10951
6715
12254
2570
1269
4616
215
2572
130
13284
12100
4339
7443
1448
12327
193
12852
1481
7429
7641
6953
8083
982
4731
13093
10887
7019
1801
10722
13442
5227
14624
10436
2925
6323
9452
11486
12148
6157
14226
5742
7563
10534
9876
13436
11771
14412
5593
11947
3355
7770
1866
9057
5369
5755
10620
1258
11323
12583
5091
4797
13309
6689
10427
12233
315
3654
12517
2918
8709
11878
6384
2079
4087
4909
7627
4360
8244
13162
10097
14356
13617
562
11452
11537
8254
747
10521
7137
6504
14125
318
8466
1576
2218
7773
11884
4415
11691
4814
11102
1428
2086
4663
12674
13827
12275
9965
11251
14589
10544
8808
4505
6735
14146
4374
4035
1038
6440
2383
4470
13607
10142
5352
4623
1375
11400
5336
779
392
5820
4092
5497
5394
10278
7507
7171
3846
3661
10879
4140
14540
1742
4111
615
385
6567
12187
11242
3810
2751
4723
9069
12684
7603
7129
4470
3995
13039
12796
5009
8219
5188
12269
12560
9489
10571
3809
3539
6105
11033
3307
12670
6553
1240
12720
6988
11740
5428
12404
12332
6694
11294
6007
6953
3104
8148
8163
12287
12770
2435
2661
14083
5534
10828
13210
10710
1046
7664
8485
4293
9786
6668
8629
5820
10781
12468
13055
321
4286
1258
11866
12430
5675
8617
9311
1654
3372
3032
11316
2485
459
13400
6761
12400
9855
11711
7949
13396
14374
8329
5172
6222
14349
12652
2552
5458
12074
1402
12165
1995
14654
6129
2231
10971
12732
2430
12688
12788
3123
11779
5630
5481
3695
2073
2112
4140
10443
3210
12257
1528
8736
5822
337
3462
7794
7215
8338
2359
3645
5789
3164
4331
8598
8862
9239
13287
6862
211
10497
10255
379
13014
13383
2754
7200
7791
9981
14305
5342
5065
3079
4134
11850
13947
2902
8235
7175
1187
13810
2909
12042
10576
10595
14653
13307
465
8351
537
12124
7337
7881
4565
12399
13617
2842
9396
1417
14530
5408
6057
2132
2839
8078
360
6384
12428
10805
12661
13402
567
6933
766
4096
13812
14542
8659
1683
7072
2144
141
13076
10766
5212
13762
11601
13224
4503
10390
1217
10289
12458
3565
6461
1674
10603
3056
7615
10005
6774
10728
3046
3091
9938
11714
7798
12965
1169
1725
11179
10563
8482
10055
3342
10651
9735
4919
7637
5329
1491
13636
14679
7304
1561
8390
9443
8109
7995
12128
12577
8665
13047
888
10723
9765
3198
4444
1185
10293
6126
6830
6647
3985
13122
14381
6862
6491
11150
10064
3366
12166
6731
6503
4723
2607
4019
13911
10148
249
6076
7154
8148
13533
5215
9019
6439
12435
4200
5361
5627
9487
9726
3856
1670
974
2657
3169
7741
9018
7038
3936
1145
12994
10989
10840
8821
5402
13725
2376
7288
4589
2240
3156
11287
8842
12957
12830
12376
7816
3082
6770
13065
2399
4479
8913
5685
2339
5226
10268
11321
10123
14019
5880
8748
7435
2269
307
6274
2547
7046
9859
4335
5951
12809
10009
3516
6428
1551
9091
5036
6498
7873
9727
13727
5628
7518
3013
13845
6203
5458
4703
12229
1698
13206
7129
4444
5627
13449
13362
11865
9324
5803
13877
1737
4830
1781
14016
690
3880
5984
10245
14091
10378
10302
13458
6401
8174
9445
5142
9328
3820
592
301
1175
8771
7126
6262
6807
3829
13355
595
13778
2565
11815
11770
11235
3063
2098
13750
11444
4943
8560
7105
13516
9274
8522
10186
4133
14134
5267
10916
3531
8765
6644
14410
2938
8856
632
11463
2004
8187
7982
9377
7430
9750
13763
555
6652
10955
2441
5941
9596
3661
3593
9978
8444
6563
11591
8370
4224
13479
10953
4861
7822
3321
3317
5647
8205
9887
8606
6613
11334
1645
2060
2391
4919
13427
14441
2363
5848
10897
11356
13175
11386
11198
2591
7619
13585
3670
9294
13384
8642
10146
9602
4674
14181
8759
11698
4909
7399
6090
2214
5773
676
12978
954
5930
5651
13406
5541
8491
5497
5464
4493
13882
829
8696
5596
2598
9920
608
7543
9726
7082
5187
4242
132
8277
3967
9414
11166
2855
3487
5452
9276
1078
2906
8922
12944
14688
10418
11620
6443
11213
1062
3980
9384
1993
8833
5906
1460
8357
5780
442
7816
267
3523
12690
9514
4395
5466
1912
11152
3859
1113
5348
5018
11221
12833
3554
8528
668
1021
10624
13947
7883
4238
7768
9822
3284
8914
8018
7993
13487
6403
8076
1488
10715
6415
1708
3552
13856
4936
9429
11853
7937
5810
6481
9626
14312
5736
10063
13106
11046
3791
6709
13977
11179
12530
14470
8392
11027
11532
3945
7011
11858
10184
3233
1094
11627
10640
3442
12607
1352
3878
9866
1411
11932
8832
3049
3076
6398
7370
9939
1642
11901
5878
3218
14427
11842
6312
9072
12246
272
13796
6362
1438
3187
5938
114
14681
10547
3736
5462
11499
10050
6604
8567
10063
14251
4535
7294
14119
14628
12662
3565
7182
865
10443
1699
10382
1996
11326
8974
12666
1998
7231
10335
9747
12538
8825
3451
12466
10905
3119
13234
2212
6718
13783
5284
6694
1827
8701
6764
11255
9956
478
14539
3379
9831
4258
6408
12208
2380
1537
3520
10409
6321
13959
3201
1771
808
13296
12934
13806
13096
3443
13642
9607
3195
8280
58
399
13688
5503
10597
13741
10683
8089
7835
3700
4243
5152
10396
1920
2031
4121
13128
12393
9047
512
6777
9469
1543
11273
1934
8866
9291
7189
13003
8670
12202
13183
5949
1633
10313
2471
12387
3602
8250
7804
8106
12639
11523
8765
1972
13989
8900
1465
7597
6248
4098
8956
13410
8374
10748
14439
6856
3385
882
8533
3139
12461
11982
7728
9129
7232
12486
11707
9479
7917
14499
5853
3661
9566
8567
8119
5491
8545
9276
2225
11512
6810
11651
13938
13344
530
1049
10219
10115
1244
5159
6406
4380
12338
12519
7043
11063
3310
3826
11302
10672
3748
8604
3873
11986
3859
2825
13259
9814
11125
5397
4966
6682
10251
3516
8350
9277
3110
11338
8588
3814
2105
9634
8694
7606
644
13331
7100
12827
3985
14636
11309
14275
12566
5642
6867
5100
13922
14033
5106
3118
8707
3422
2304
3445
11926
13452
4047
2144
6536
10821
4599
2215
9264
8574
13727
12928
4536
13309
9651
12916
10717
6524
12484
9547
819
13462
7669
8229
13895
3088
4555
9717
3781
12058
9563
14514
10212
12219
12858
6359
3173
10987
14097
1516
2692
12303
5035
8214
14075
13633
11542
12051
2258
1378
3454
12844
7741
5351
9818
11122
13535
8221
10862
11555
10659
14395
13224
11298
9152
1951
3668
11655
10212
2934
1860
5647
11507
1062
13701
14259
10980
10320
10119
1122
5527
3700
13058
4728
957
723
11921
6709
14051
8110
920
5583
10099
4387
4396
10992
9418
11315
5736
9090
12006
2694
14488
2552
12846
2686
13952
13089
13441
7864
3844
9855
14114
9521
186
12586
4286
6362
1761
3758
13034
9653
8839
272
1510
12886
11010
3577
1535
13735
12998
4756
3460
6509
7310
5793
6558
7979
9954
212
11476
7732
5315
11041
13112
13530
10976
1734
7480
12747
10466
9615
3302
2839
1473
6637
1931
1899
10109
14419
775
12007
7953
10448
6668
11834
12106
4015
11526
3039
7419
1573
2497
12662
8936
11242
598
7931
9805
5963
5471
13757
11411
6885
11363
4593
14331
5864
13286
437
6892
2969
14456
3688
1667
8422
13381
11417
8807
12655
10490
7920
9931
13800
882
10143
12021
3079
968
5799
12029
1161
6617
11806
7748
14373
9405
8795
13694
3839
10738
13265
6151
1919
13679
1927
6665
10801
6119
2006
7059
6830
13037
9851
1937
1262
6663
2972
5666
3761
4446
2883
9513
244
4671
4513
2316
12763
2509
10560
3258
5591
11344
13294
3985
12450
8418
1381
11853
9718
12822
10388
14509
14621
9658
4215
5165
536
6909
5187
7547
4802
1300
1180
12586
4346
7435
4617
12373
5301
2549
6953
3012
7499
9244
11053
6380
12018
10627
4864
1667
9189
9477
6394
9866
1041
8594
14273
8795
7006
11604
13251
14241
1922
8023
1928
2410
7698
9744
10806
11959
3094
6048
2860
2049
8538
6368
2441
11791
10198
3397
1772
10509
7864
6793
2319
7651
6286
11025
4242
1347
14359
2117
4158
13706
13177
11566
80
10457
10868
588
12030
12361
3121
4403
5045
6230
11102
1630
9185
6021
904
11144
8615
1700
8998
7541
14217
9063
11132
8048
2533
1311
9892
1573
10308
8232
1025
12953
14011
5617
14384
8909
2385
12868
1394
13759
1404
10828
7089
9502
6802
8310
11722
4712
1301
1168
5370
311
5626
8875
8455
11233
14671
10761
2666
631
3422
11700
6384
3180
8646
1943
2527
6501
11006
10914
10076
10998
3419
13577
2935
3909
1503
1862
4429
215
13353
8398
12854
572
2084
10350
13288
7833
496
9923
5428
8504
14346
11635
6494
5649
2506
5376
7821
2473
5511
8949
1779
5412
3235
13226
3850
7949
3201
10450
2686
3605
12604
3829
13191
5094
6603
3943
8217
3986
1273
4627
7798
8079
9609
14032
13784
3147
7379
5024
2257
1043
9728
11660
13590
12184
14577
6264
5902
1895
12372
1286
4461
12002
1587
3497
7690
12789
3153
3690
7954
5302
9197
6191
14021
3903
10577
7644
11998
9783
12918
7999
796
4868
5950
1178
4040
13614
11480
736
7392
10433
507
6677
5940
1733
895
8461
10203
6386
4962
6356
2509
11473
7375
11722
4148
10108
7469
6548
6747
10877
13995
12147
4578
7248
11929
2909
13673
10700
14356
10813
8165
12827
2218
12180
13171
10584
11216
5149
7143
9092
4575
12630
5984
10575
5986
3115
4718
7268
10636
11221
2176
14053
12806
9964
2789
9626
3276
674
5158
12341
11379
9518
9717
3584
10649
9002
7202
8438
10260
6325
5385
10028
3479
8322
3019
3352
5872
11434
4244
12404
6424
11226
3831
5153
11752
11793
4518
5994
13789
329
708
6439
2394
3214
8029
5307
3112
10520
10355
28
4268
4695
10946
3221
5177
180
626
9663
3938
4895
7078
14597
10222
6858
12080
4237
6660
3644
12101
4763
3273
3230
7255
3075
110
6295
12661
12022
10438
7681
14166
14147
1120
13241
3817
8080
10258
4932
721
1116
11119
11703
1486
2888
11187
13211
6998
878
7049
2231
4671
9996
13031
2237
11863
12781
6305
14038
14563
1742
7725
1863
9271
3661
8895
274
11736
9428
12878
10137
3208
7609
1915
2916
6613
4249
8906
7502
10447
3354
6747
4473
10040
5322
12869
11530
11870
9123
579
11684
3886
3108
14297
8634
38
10364
6021
11510
5524
12017
650
12735
7714
10139
4666
718
9061
6942
9113
3425
8577
3123
9236
4306
9998
12040
11146
2026
9504
13611
4189
10784
2883
6865
6408
2927
12646
6672
5635
11382
1612
971
9371
8006
7395
254
2244
10069
7622
5920
14655
1176
340
665
1921
215
9443
3550
10501
8188
656
9371
7844
5703
7874
7755
3652
3606
14297
4505
2997
14126
14250
457
14504
2614
10645
11822
12846
2530
7115
4645
4205
12371
6956
3834
5499
665
6448
8522
8295
9271
177
5062
14422
14543
7522
11342
14482
4784
1537
4451
8189
8332
6344
11337
10369
9095
14618
11176
6547
5112
9416
10014
2920
7126
14250
7151
1662
6728
8993
9575
12257
9333
12174
14542
14204
2166
2000
3288
13941
3737
12502
1637
2280
449
13609
11182
8767
5529
8963
6184
9328
14600
5682
8269
3581
10127
10443
14435
8442
8335
4554
8814
7787
2025
10763
542
3850
8560
9500
7270
8023
8446
12285
14569
14138
11677
14060
3016
7108
12575
8379
10575
12242
10664
14423
3298
2529
7668
4966
9984
1983
9993
13175
6967
8248
51
8049
4334
13043
6370
4962
5956
10875
517
2060
8395
10818
508
13858
5312
13904
9362
4855
10023
8615
14430
12685
294
9273
5152
10973
500
9506
7602
5741
10073
9435
3893
4881
10890
2516
8925
10771
4587
5958
5684
11404
12781
14277
3975
6564
7315
12171
360
3675
8942
7865
12953
1761
3665
7273
12174
9689
9212
3956
11691
7056
10899
11898
7515
6177
3094
3437
13246
12741
1647
4748
2520
7234
9914
1099
13318
12563
13459
14105
5029
1275
1396
12972
9262
9648
3164
11874
8605
13768
10292
1172
10769
6035
10103
14574
14222
990
14327
1369
8803
7202
2195
10032
13568
5590
774
1532
9481
11508
12570
10124
12911
9176
9492
5294
37
13917
2250
11013
5057
4687
14591
10846
5875
776
13313
12051
5125
11854
4425
4978
4399
1419
2686
3670
13892
3837
806
4172
3766
595
11222
3214
10327
2683
342
11437
7883
1637
8642
5679
8145
826
10639
5753
5400
4364
9603
11025
159
5893
5762
11266
1139
6061
1243
3132
5357
247
10274
14458
10711
9674
177
8028
579
7264
9669
6816
8595
8992
8025
3918
4335
990
6424
1523
9743
3802
11269
4711
13710
1477
5826
9160
7317
10341
8149
574
8803
2429
1626
4041
1776
2615
3385
7850
9943
4181
14632
1151
5219
7965
12383
7809
10349
316
3315
3606
220
4509
4710
12242
623
169
12494
9908
4018
11369
10450
8398
2340
10300
11109
7291
3886
2647
3871
1845
11768
13847
1582
6180
3361
6892
5003
13304
1275
10097
8623
2686
2524
14325
4242
11859
10049
1288
14260
11194
513
1271
12254
3572
9614
7175
8086
1541
457
1920
1133
13584
13203
3110
9872
9579
13691
12863
10785
8533
9366
4612
7960
571
4938
6196
6981
10778
12884
4603
1827
5727
3507
10236
985
894
676
14297
12573
3661
4764
1713
13392
7658
6757
7141
6783
4095
2527
5176
11801
9866
4185
8537
12903
6250
9134
745
5532
3816
14498
823
13458
14160
6978
3825
14477
7459
13593
13415
4876
11455
9795
3670
6319
12715
8969
14376
5059
3932
7056
14236
7634
6458
2745
4935
10474
8500
6996
11236
4650
9760
10332
4138
1702
11737
12778
10778
9302
2043
4932
320
6763
2620
6469
6838
9698
4494
10900
810
14365
10010
9358
7186
2650
4296
14469
1559
6262
12684
2303
11652
10303
12049
8736
4690
3516
8442
14677
2914
8816
7477
6969
8955
4841
5439
11407
1199
3588
2115
12658
6555
485
10400
11705
14008
10020
821
7950
3769
10906
12927
11463
4937
8307
1698
12269
6317
1513
11765
2572
730
11909
8670
14048
12776
2974
4673
11350
576
12034
7426
12738
3079
8740
4399
4247
10228
6918
10239
1759
1165
8787
2778
684
14156
8884
4470
7120
11104
6750
617
6685
10518
8528
10716
835
9927
12671
14125
6031
6803
7321
1582
6634
13782
12860
1009
4921
14391
2685
7332
5262
9946
6928
10736
3404
8652
1563
3684
2366
1789
8814
3201
12579
392
13658
11647
12019
10095
6332
2865
947
3783
9604
9631
8662
7490
6517
10625
11088
13455
1964
3988
13907
2575
5011
5542
9607
10194
6041
9692
350
2702
5725
7078
1149
2813
8831
5352
5653
5380
390
13955
13064
1761
4716
6685
4580
10046
10362
10825
5415
8974
9829
6433
8962
5117
11498
6648
11193
8357
1164
2570
3151
9906
12108
2092
2512
4792
7173
6439
13974
10400
11573
4213
4006
2184
8152
12229
12674
3257
11610
14474
4923
2928
10504
11628
4835
282
12553
6535
13889
100
4314
12260
11350
7151
10228
8114
1811
3835
9676
13823
4010
7915
668
3924
5387
388
8980
8414
6904
8781
826
1097
9248
3353
13428
11924
1854
12188
948
13826
9524
13617
7645
1494
10980
2492
14603
2105
6162
4676
2697
5442
6540
7346
7978
8513
9215
6085
3885
9624
13142
4898
4906
9564
10015
13906
8657
6277
569
13001
14331
13479
8184
12590
7138
14661
11430
11978
1188
10775
1881
8718
7909
14077
6364
11537
3448
12945
696
14162
2485
4617
3086
2264
7901
6918
4682
14093
13600
13672
3905
818
2923
4418
8657
2459
14257
13475
5593
2858
8604
4338
8544
9813
13328
10466
2566
11089
5608
7788
10169
2737
1485
3751
8237
12980
1659
7831
7552
3641
5114
1610
10662
11127
931
13562
3777
11349
11989
10138
12985
1107
3392
5655
12306
13138
742
8557
8100
8768
8427
2148
11415
7931
12633
7546
3042
4443
1095
7301
8612
5479
1381
14389
464
12191
5050
7113
3361
3239
7492
9912
10742
9124
13184
11544
11547
8163
13428
142
7757
85
325
9999
3728
13282
6538
9416
14247
11117
1548
7689
1192
14334
821
12396
8556
9097
3674
9871
4524
8494
5553
6759
10142
11203
11244
14220
3161
4707
7298
13198
4548
3619
220
14394
5380
3339
14628
11396
8945
4180
8312
9546
12974
1500
4247
2661
10350
9178
3547
2798
9232
3871
4449
6002
11888
7274
2414
4496
7215
7356
14125
7740
12665
1861
12371
9141
12588
3159
7025
7746
6895
5840
11829
8903
13763
14094
4216
4263
11691
11442
3394
13974
9347
8774
3720
13408
5440
764
2667
6917
12718
13924
13062
9873
7134
505
4816
7560
5581
4546
14169
13393
11798
11615
8319
7304
11439
9805
11635
5062
8680
6947
13214
8452
3589
11434
2198
402
12097
6481
4182
2155
6742
5477
13172
4189
7537
11270
4079
6092
5676
12222
14191
332
2894
13860
1766
3856
9538
8392
62
10371
8090
13357
9593
9503
4272
2538
10286
2169
4355
12543
4782
13452
5172
9202
5685
10347
13791
13096
956
203
12151
5774
2476
13518
6608
1308
2321
6512
3482
7069
1881
9758
3483
2827
6069
10936
4998
88
291
10269
4764
11901
3628
4835
6377
7438
2542
11411
5035
1334
9992
9328
6796
1580
9272
11836
4910
2328
6388
13789
11142
10901
9361
2846
5875
371
2594
2824
1004
11221
11943
566
7720
13559
12755
2985
2963
1515
3727
8533
9875
10215
6767
10063
12611
6873
5262
3619
13566
3966
11726
14108
6126
9364
8064
11932
11261
5893
5046
6975
4489
3943
6269
13495
678
295
4019
5578
6479
10063
2081
12863
13685
11598
2057
13462
12380
12538
12116
6153
12723
1875
1038
13551
7835
5828
3163
5352
8325
11231
3092
646
6265
8407
11719
2911
11170
6088
12729
14598
6322
4750
2347
11204
11786
5207
11346
1592
12070
13541
14317
2887
5979
8564
5367
12714
11698
2114
2380
520
2609
11324
9656
8442
1082
3347
3198
9712
3579
1752
2333
1706
4319
1170
4067
14063
13860
1214
4077
14373
485
2493
11463
1030
9925
181
5490
1237
5041
3003
12802
8244
6280
9466
1046
11028
10190
8600
10968
5529
729
12700
9873
59
792
13342
8530
12423
14528
960
13452
9447
2321
276
3036
4881
7302
605
13945
12207
223
14608
9911
4334
260
895
3406
13022
9814
3467
8360
4998
5946
2229
1837
11313
5268
10544
3920
11738
8550
9794
8434
8537
2278
14546
58
1359
12534
10081
9197
5931
13115
6228
7953
12040
6086
12108
8548
8305
3882
12609
9191
9242
418
1069
1813
5203
10511
10931
1670
9168
3341
4738
4273
156
13325
5228
10899
10670
6536
1157
7002
8449
2940
12039
12825
9458
5539
8816
13714
14452
8538
13407
3950
1278
9780
13899
3037
7737
9533
6670
2046
13488
11253
2203
1541
8096
11503
12661
11492
3554
5055
3235
4981
25
77
2798
5749
5971
4843
10283
14241
10813
8721
5312
3941
4425
914
11849
13973
8799
7737
9969
3167
12393
8801
12706
6821
14032
916
6617
6823
14014
4419
3962
8034
7525
2760
9704
2410
8194
1240
2816
9144
13500
12921
11499
11265
8591
10519
6289
12289
10926
4175
14339
10726
12875
106
10980
772
10811
14358
2517
10144
2560
1507
522
8708
7823
11977
13719
14163
12090
3305
3120
11071
11172
10985
13201
5470
8283
3106
4312
12238
4762
2111
10654
6462
2502
2617
9866
1219
13159
12802
1587
3389
12666
8688
13772
14264
7899
1013
8104
9589
2052
2136
9250
4033
6507
460
5767
3692
12653
1867
14362
995
2413
7980
5299
13152
9120
1229
4376
10817
1715
5095
14246
9940
4038
10159
204
6151
9350
5343
12041
1415
11913
3664
5786
3671
9467
5131
10953
14473
12236
14060
11856
13803
10349
7616
12735
5262
2817
4699
6359
11304
6210
337
2635
1722
1950
5172
6734
7557
8041
7000
3521
1659
4630
8862
14432
497
13978
11937
13117
1734
12319
8407
8823
12767
3659
7970
14247
423
6559
4013
2492
7989
2064
8610
9798
10119
2166
7826
6244
5149
10758
11746
11111
13445
1325
8128
11477
9612
5861
4314
1322
5593
3534
13582
11812
12763
5974
10196
8417
9641
12914
6025
11874
14505
13180
13328
726
6697
7531
288
4421
10181
3733
9555
1244
2499
12414
8431
1313
189
3759
4568
191
2645
5938
13734
2032
2422
1198
4950
1997
8725
204
2580
10432
6049
8345
687
12787
2701
6622
3688
2149
14659
2947
7330
5262
13854
12134
11823
12350
3778
7425
7326
64
3457
4153
12263
3080
1110
11863
12644
8122
101
6619
761
6700
4744
1006
4596
3817
14647
7842
13602
4061
2741
3408
13756
10983
11307
13839
10410
7063
4946
2552
5832
7510
11142
12798
9758
12558
8996
3870
13582
2359
1600
7484
3254
11337
10630
5156
11499
8141
5813
10741
3243
2376
3972
7883
4753
3118
2076
4862
4429
8527
515
8549
4955
4150
6101
2951
9543
13874
6477
14585
10655
11782
3041
171
13377
3294
4356
7547
2237
12354
10121
13064
4387
3118
8900
6193
4530
3896
2841
8887
2041
1887
10222
772
14144
6469
5121
2393
4964
5412
12788
2608
9280
6376
2985
11806
8273
4780
5139
786
2173
9709
7665
933
2192
1404
7985
56
7812
9977
8053
360
11258
446
6942
13793
10725
1057
12486
108
1939
5997
9992
5660
40
8010
10214
11873
844
2089
10942
13541
11446
8933
6607
8665
10853
12202
851
2631
10142
7336
8314
13301
6936
5569
13415
962
13149
4747
4917
11550
6578
3060
6884
2637
14210
9310
4118
13819
9585
2456
1244
2332
944
8601
12650
6033
1980
9842
12140
4229
5112
12094
7699
2324
3113
11158
7273
10550
14194
6264
6918
13180
11927
2813
10429
4769
9865
8829
14195
142
1884
3526
12097
8657
10483
8527
11810
8718
12462
4972
13698
2751
4091
5147
5179
7970
14261
11251
11657
8865
6777
252
8282
9972
4211
440
7249
9413
9076
5902
2459
11843
12108
9669
10413
5124
12869
9273
12556
4330
10769
4263
1597
9771
10639
3784
13795
9637
10633
14500
13816
10166
6316
12513
7601
4370
5928
5236
14060
7013
3261
1983
7648
11389
7715
13582
2787
4203
5011
7826
10912
4228
12133
10960
11001
9776
8492
4280
9268
9642
2163
13083
2136
8322
14366
12776
9987
5038
14027
3902
4112
8480
14208
9602
10397
3535
13575
4533
1428
13254
4349
6390
7836
5487
11369
11576
9839
5422
3519
6538
7968
3612
11853
4919
8520
6396
749
4799
9833
842
13946
11968
9845
9979
9598
444
4547
10091
10637
7662
12474
11065
145
8929
14537
2068
11748
3548
3236
4194
3225
2011
6785
12692
4953
11992
1070
13411
3251
11818
5484
14371
4196
14535
5517
11823
426
7597
11044
4600
6015
12059
2474
14350
10413
6312
2563
8606
14095
6807
3638
14116
13458
9425
7131
3442
13125
5021
7076
13338
2809
4989
13065
4380
11562
3131
10839
8157
13522
6262
14549
2765
11208
5474
13809
5845
1899
4236
8585
7487
36
4653
9801
10718
10842
8036
536
3590
3955
13372
3299
10053
2973
11885
5826
13013
6012
10005
5252
13739
10184
7370
9858
1371
9227
8527
4485
13246
11891
12969
6153
12175
2181
11737
2504
7781
6121
13932
5858
4912
3584
7984
13650
4059
4674
9452
7493
569
8104
7774
10865
163
4242
223
11123
6139
3748
2852
10814
12284
11669
14539
10230
12230
11945
2371
12627
13414
2222
2617
14156
10833
14331
3913
2961
4985
10806
10819
6340
6497
5248
11062
14474
728
2478
3071
11698
7192
6236
10306
9804
9438
9737
1771
14183
4496
13996
1062
13205
2424
9785
7456
1914
8749
1141
10825
1399
13752
13929
8765
8226
6226
7315
9785
3400
8919
1821
6443
2021
41
4150
8043
13495
11977
7920
4394
7722
5838
12126
1290
5427
10771
10330
14672
14688
7801
12336
14359
13867
1638
545
11972
5471
2552
2920
1688
7580
10527
10460
13374
11501
5275
1383
3961
2643
70
1281
14437
1867
8606
2148
13797
9514
14080
10231
9420
9012
7980
14103
5440
12368
9558
12363
821
9410
1065
8048
8808
5774
4199
12711
907
10488
6178
9447
2906
7936
5711
14196
1371
3681
2705
3228
3616
782
150
6165
5231
14234
6351
14039
5379
5332
11737
8377
13626
4000
2189
11698
9176
7874
7981
11264
11563
8083
14460
4574
8382
11771
10063
13422
1834
13420
4210
227
3992
9678
3257
9686
10815
10895
1026
3631
7999
12283
69
876
1566
7083
11663
6209
4438
5611
7812
2938
10851
10533
11730
8054
1159
11165
5090
4558
7356
2355
2852
590
12991
1509
1635
7376
7831
14339
7493
9504
11836
9568
13747
14627
11262
4718
4278
10047
8425
21
10494
10324
3674
6447
9254
7324
10061
1410
7481
5727
2671
14133
14493
455
2144
7191
14542
10251
13863
3150
3499
863
3698
9054
119
6966
3185
13821
9601
3692
9005
5914
4118
6619
8281
7482
1483
13902
9522
2626
3813
1209
1821
12372
10446
5077
8784
1169
4357
9853
9879
12349
5815
14417
186
11545
14525
5000
565
9454
13416
4219
11366
3733
12114
8132
11193
7051
8476
8176
14392
7797
9390
12988
298
12111
11756
6226
13472
9484
13132
6853
9790
13052
14200
3547
2718
13188
7232
13100
9609
12678
7015
2310
4390
7038
9908
10883
4941
8572
8372
13406
551
2935
5703
9981
9224
10917
14363
10938
7960
13900
6594
10733
13622
2313
3717
7731
12486
10931
11227
13621
7641
11284
817
2398
14554
5760
10306
3287
5326
8872
9560
8589
14314
9901
8787
1180
2035
10340
4692
1123
9969
9423
8737
14067
8580
6000
5868
8646
4600
4822
8620
9067
14228
13389
10882
12982
11434
54
12177
4053
8256
10295
304
8992
9044
8202
7702
4485
12307
7056
2718
3947
2332
422
1376
11575
1704
6183
3558
13167
3072
8298
283
4768
11950
14572
11555
12662
12049
8988
7864
6882
4912
8419
1982
4021
10621
10608
5233
4523
4125
4240
6611
13335
7933
1800
5796
453
10750
6992
2396
7819
2558
4624
11953
3759
14297
11251
13378
6543
7866
43
11471
5068
12566
5688
9934
264
6668
9466
6638
9615
611
11539
8185
8787
11763
6583
313
5073
10496
10552
8837
595
365
4362
13581
5301
11086
4889
3314
7889
6338
10135
5226
3062
153
12497
11178
8510
1710
2749
9994
10964
1902
7236
5044
12227
2979
3693
2986
5665
1683
9567
11776
4630
5536
14486
1824
2933
2518
10310
4225
4024
12327
8862
6088
12170
11376
10356
5657
10246
11845
2774
3799
6563
3856
7717
7222
7077
9462
9829
11576
3758
3090
1861
4901
1644
12691
3222
14320
10101
11322
669
10828
10557
163
5659
14159
2406
1637
8029
2899
4614
7924
841
13640
2143
7061
1170
474
4066
4456
14188
12239
11836
6102
6567
12908
6528
11302
6222
1945
5902
8446
7555
1906
1819
12177
2751
2417
5138
5895
12484
5235
13359
6879
415
5703
8098
13779
4335
6162
10838
11261
764
1322
13237
13705
1137
7909
7949
5063
11732
13685
585
1654
9723
9464
6138
7619
3310
1434
4228
5823
6615
6446
2896
2876
3208
10061
1576
5521
11078
1018
11148
10809
10133
6546
2338
10704
11152
8782
4866
9413
13892
9008
1079
1954
13813
5920
4819
5942
12103
12474
10680
7654
2479
3509
4347
9394
9884
12653
208
672
2663
12960
8014
8862
2655
7853
1560
10233
4254
3379
6830
6749
5648
3786
10656
8652
8173
10079
4273
12674
7065
3378
13891
9620
13753
10597
14552
7596
10545
9320
10160
10939
7591
7433
14650
3493
14057
11022
6239
5429
1986
4585
8131
11261
12996
14394
3786
6920
6607
11012
13136
2160
2981
8533
79
10875
13908
8699
3916
12387
8797
8411
6596
12503
13593
1250
2930
2739
11783
1808
6315
3542
8774
9204
12371
3437
627
243
13347
14520
7671
7266
3788
11098
14664
3632
2139
11499
1209
13369
7414
802
10035
8461
12822
1465
3329
4289
3709
6212
3687
6129
7981
7940
1453
14501
3109
9449
12439
13908
6187
9524
8965
9167
2817
5930
3452
8040
9837
6141
6850
10500
11830
7819
9311
2205
6780
8165
8931
1529
3807
5818
10317
9994
10171
5666
5895
6416
14033
6941
14504
6707
6898
12491
9487
3805
14327
9166
9083
8298
14602
6870
3141
10433
5745
5783
13085
5046
750
2948
5525
11975
8303
5612
1582
651
8590
8497
10071
11837
1256
14583
2763
9115
5272
4071
6915
11922
12906
12872
1306
7019
9834
7065
2728
11489
12983
12387
7529
14154
5748
13171
4023
10914
7926
8365
8040
6753
4879
10174
9086
286
8193
10801
12590
12275
1369
7179
2009
5159
10252
14537
7086
11635
14169
12849
9726
3414
5519
8560
4145
4579
3655
1923
7873
3472
9884
2294
5983
13930
6776
14301
5935
2685
5505
13278
1602
1890
7639
14162
8170
8818
768
11346
8195
6344
4074
3429
4304
8124
2615
13744
4307
8791
12567
2813
14365
10002
11358
12417
2219
8775
5664
11342
896
9008
3006
12889
3873
2206
14127
6362
11893
1698
13463
5586
9586
11739
14199
4969
8368
8614
6901
1181
9750
12964
6234
727
11876
8191
2714
10855
12491
5582
11174
5926
3687
10115
5262
13398
12464
14151
4128
2532
11697
6625
8994
11425
3908
10530
12024
5764
6041
663
10358
10680
13722
13175
1407
639
4409
5578
3452
12865
2676
6828
10558
13947
14673
10516
11935
6160
443
8131
4750
6335
11493
8405
1655
11361
9079
8463
12918
316
10916
5458
9105
8046
2078
11095
3458
12630
8224
11284
2733
6635
7650
12367
10749
1178
11282
575
3887
1207
5734
9301
11764
13503
1601
4053
6228
7298
8787
13177
7270
4712
13068
10860
11645
8760
3225
6139
3469
1261
4435
9167
14088
12096
2725
14130
6680
11798
4044
4161
9015
5050
2537
4260
812
13554
4265
12478
13177
1420
9064
10033
10156
4324
4380
1856
6168
6715
6826
7103
6654
12199
12359
5623
11160
12741
1204
1892
7891
8434
3867
53
11826
13548
857
254
5433
14443
1117
9904
3055
10265
8370
2597
5518
7957
11962
1246
6301
7631
14571
7386
90
2020
9024
14650
7530
2782
82
8649
6813
6881
1434
79
11681
7828
8444
11910
5397
9036
3218
6004
11592
12096
10653
10651
195
10804
4997
10963
13155
4103
6244
9985
5265
897
13980
5777
1378
7931
5455
11092
4283
11052
3982
8200
5974
11114
9217
4714
11613
11176
13341
5136
4576
3063
8413
5195
9301
2419
13785
4570
8315
14595
12928
3442
11255
10728
4446
12938
1374
4232
12753
636
7483
8154
3600
3648
5858
2254
7245
8642
11329
3188
11393
7151
6269
13289
10783
14100
11421
6437
4742
11396
7335
12796
1101
316
6716
12488
4440
12455
1011
12648
3703
14024
6537
13848
4235
13716
14596
10675
13880
3286
9671
2776
905
8917
14302
12585
12266
1266
4661
9516
7676
3998
6737
7425
7509
1131
8434
7766
6308
30
4500
10110
9763
4683
1260
7611
13462
10685
1412
3839
4280
11225
8762
9403
14622
540
2001
4828
5921
11637
104
14450
3098
13362
11098
10415
5026
8061
1236
653
10523
2637
7165
11779
5482
1813
10295
13692
5257
1432
13442
5691
215
5917
462
5328
2313
13347
7836
5319
630
12936
2735
2663
10787
14363
11890
11666
13736
3396
3248
8777
5265
2762
6176
5942
3940
6628
2587
1338
6790
9394
10561
4192
1316
1345
6983
7884
2023
855
8243
6923
1898
10112
13962
12341
8629
14599
2617
6572
9222
4099
1606
11170
4394
1392
8351
11758
1966
12429
5191
3417
249
717
14042
10043
8025
13185
9500
94
635
402
8909
9441
5239
11630
73
7401
588
5917
10867
588
1700
494
3274
724
6384
1928
203
861
8835
4983
4927
4084
1195
4101
796
9729
11205
1319
9773
14542
11017
14572
511
12583
12417
14590
11832
11012
13062
2300
1298
8986
2059
2774
12590
14398
10746
13592
13946
2809
1226
399
823
12385
8901
5777
4797
9477
8360
12514
4441
3836
3217
7256
9589
1080
199
12008
5087
3771
2543
2806
13019
11624
1521
5203
10350
11862
539
900
11840
9522
13911
13469
10020
3932
1608
1023
3781
697
5692
13405
45
6038
5348
2578
13665
2052
5223
12976
9289
13716
14652
5766
12218
6096
7709
6303
12744
2632
8138
2061
2240
5856
4990
8384
224
12253
10490
7027
9086
8684
654
12575
1816
14554
1937
7264
3137
4013
6367
12744
9642
2251
8850
13776
8745
2413
9285
4925
13482
7971
9783
4760
3580
5305
21
11195
10980
12931
5559
11583
5184
10728
5917
11550
9376
1424
1571
2278
1445
7445
13062
13272
3977
1528
6111
14119
3476
10858
12411
9109
7783
5902
7489
14422
12366
1234
10059
7405
2806
1155
8023
3552
14479
9046
7913
10193
14537
1594
2276
13256
14291
5250
13434
4169
5525
14213
9641
10344
8524
450
8607
775
11604
2009
3047
7598
4373
14168
4310
3052
7591
5425
2658
1059
1956
9234
620
1442
14320
10316
5396
1564
2956
5163
9634
3042
13965
511
7105
6071
13773
5960
14685
8682
5204
6774
278
5758
8801
5773
2873
3110
3423
7317
1434
8833
13884
5312
2674
8434
9660
13130
5525
4836
10295
3146
8389
6780
1830
3626
8118
12212
9266
7989
5488
10140
5586
4044
1201
376
13504
8910
12842
5565
9400
7960
12856
8697
14433
2526
9680
10286
938
2536
9575
5316
9260
9583
7576
4341
2617
4332
13514
6189
4247
5109
12514
9539
1947
10450
3861
14234
931
10555
2679
1073
12029
6382
4517
5640
7741
906
1573
9199
12196
13177
14235
5440
1805
10063
13475
965
7711
7348
9171
13073
2366
9527
7283
1858
5494
12225
7122
1106
14643
10154
14608
11201
3668
4317
5883
9585
11836
6885
5218
13810
2347
9588
10958
1824
602
1834
2359
257
12100
12548
8956
4352
2464
5017
7118
247
6586
4706
6028
12047
12329
9908
1681
13640
13669
8865
12570
7365
12183
6702
1196
9631
13438
7132
10396
5192
12681
8570
9952
14596
562
12960
5748
9060
3927
10222
3546
2885
6886
13978
735
5571
3992
3435
2569
7295
4641
6245
13923
3912
6085
11745
3451
8355
3068
13997
13670
9118
5318
6868
3965
3473
9081
11573
10181
7053
1215
1867
12940
3239
5260
12597
8889
13010
11571
1508
8568
1521
11867
10020
4027
12930
12939
13992
4056
5851
6125
9063
13375
6119
9259
7338
6426
975
9157
8721
11912
13191
3416
6261
7417
10143
8060
5018
6991
12217
6315
8674
12425
2661
7676
10615
6051
10719
4849
12577
5447
9001
8303
2364
66
166
11535
9465
1211
5083
3144
9314
11181
5614
13366
4760
6765
9010
12956
8295
3783
3709
1978
3719
3521
9930
12424
9848
435
8752
10038
6234
5382
13836
7197
2124
1097
12410
13605
6589
3943
12989
3128
1863
10012
12890
5587
5215
5674
5096
7569
3167
5147
13630
3123
2530
706
10628
8470
5310
12269
13766
632
6039
9834
3176
3370
12498
12697
2102
1625
9359
7734
12620
12577
10490
4314
14137
10701
12958
4969
12784
2844
244
10410
8039
11837
7610
11134
7569
12527
11068
3208
5924
9949
10295
987
1314
2834
2406
8550
3714
310
1585
9972
9969
10486
12918
1951
6882
321
6421
7791
7018
8314
9398
12409
7529
11995
11596
12839
6114
10341
6845
14280
6348
8444
3192
10948
8040
11137
2157
14422
4708
12087
12769
7768
4294
11730
5484
6441
2802
9044
14613
11340
14525
6329
4962
12301
2343
9785
14543
522
4527
13057
4551
1239
9432
1001
6661
7821
14509
8040
4706
7897
4891
3567
11785
7861
14422
4822
14557
4153
6223
12850
1480
1386
994
10110
978
3793
9576
511
2457
8944
6918
14539
9052
4543
3186
13145
9265
8433
9892
9119
1711
1223
10181
3382
2350
4565
7868
5889
4181
4460
8811
10473
12227
5487
8938
13924
4659
4683
5605
11261
14342
3690
11188
12026
732
2881
11259
2930
10826
10069
11046
13181
505
8402
5550
7148
5475
5637
14120
10625
9512
3786
8564
3557
10529
3404
2818
7073
6430
11400
13338
10541
11786
2826
13327
13157
626
51
2227
206
2771
12795
12455
3755
11239
1817
2274
1354
11883
13220
8863
12900
6488
2983
13335
9671
3719
5574
4156
13750
9186
1395
8759
1580
4356
10206
7664
4040
4616
3010
4993
4260
14477
4372
969
1060
11005
3930
9645
5370
2042
9297
9529
3144
13188
4178
14098
12344
10910
648
1342
9127
11870
260
8033
441
7219
12333
14426
2842
4291
6963
116
14495
13175
13646
485
9494
11844
8507
8056
11757
10283
3893
10596
8409
6521
9027
8069
12761
10400
13978
3147
3796
8221
8858
8236
14038
4925
8879
6598
2623
6158
13053
11810
6297
9353
8066
2426
3412
10054
10535
11980
11632
13057
1128
2955
8553
11760
14454
13727
11466
2828
5867
12867
11660
12193
1345
14634
5091
6020
5419
995
2324
10366
4244
13777
14005
5445
13797
10811
11754
11036
2488
1366
6575
753
5299
1462
9317
1534
12031
13096
12841
1507
7098
14407
2119
5079
6862
5791
9036
12758
13734
12061
2709
5425
412
6652
14330
9788
2963
12580
11483
13644
11340
6586
13863
5168
6887
6263
8987
13310
10697
7330
6474
7362
5459
8758
12202
663
6466
6268
9821
892
2016
9590
7251
12067
14056
1961
3961
698
4961
2103
5508
5076
10899
14069
7725
3484
5547
2147
8876
1787
6043
12985
128
8868
8353
5559
13639
5886
2039
5752
1376
4720
11398
1169
7425
8235
4779
13999
10904
8849
14639
3953
8491
2658
11216
11705
14202
2069
14392
482
1582
5878
4013
11221
13279
5124
2427
494
14353
9631
11837
2717
8147
11515
6393
1797
2178
12458
6083
6188
12900
2270
2925
9666
7662
5954
4757
1160
12305
11107
1052
92
7505
10951
2282
11642
1716
837
4924
12505
1462
11566
13258
5153
1959
10149
2871
1035
393
12377
9249
8765
6870
12689
3348
13067
2626
8296
5085
7581
354
13944
7504
7594
4522
405
1989
10549
9968
6202
2129
14196
4471
3744
14003
6353
4857
13836
5400
12380
3921
8692
4426
2610
10712
5981
7373
3045
809
3183
9028
13957
12041
11685
874
10457
10360
7573
1966
10290
5339
9452
9962
9683
9262
3335
2307
8893
11932
5393
10067
7660
12508
6666
11295
4136
7885
10086
14395
2482
3244
5097
2077
12878
10075
161
869
1679
8880
8074
12958
13935
3295
3556
2357
1686
4765
6437
1246
8527
8557
5717
8627
10274
10936
3929
13070
4143
13081
12532
601
1383
6471
9889
8606
6631
7548
1088
9112
14572
11354
863
323
11153
3367
7401
3135
2635
7744
13070
13919
8873
2966
7584
14369
12856
602
13566
12432
5709
10400
5833
4818
8046
7694
3786
9023
10702
5501
10688
5811
11719
9176
1088
14599
10677
2586
1375
9471
832
4299
860
368
9583
4698
8301
10622
7173
6083
2353
4647
13144
5714
11318
2014
13879
5712
13213
7864
39
4187
999
3970
9500
1665
2419
9455
10944
4930
1126
8458
6138
9572
9240
10323
2492
12751
6633
6101
9100
4380
6839
5992
10028
9629
7587
11196
4986
4230
11080
10008
10101
11793
77
10232
3826
8672
4891
12074
11030
9190
6477
2707
11278
10075
7298
10880
12324
6988
10130
12963
11253
7513
14327
10514
14433
13453
10562
7209
3245
5617
8160
742
1191
5732
5342
2002
6805
3171
13109
13298
10853
9510
12936
6630
3720
13028
4024
2017
13438
8259
9299
12306
12292
11293
3726
8048
11709
4221
8292
6397
12005
13608
5335
2112
13519
11101
14141
2085
2587
14074
5291
5696
10610
10454
12251
12119
5722
1633
7221
1616
1386
535
12170
7385
7943
253
11096
206
3496
3324
4993
7921
1363
2137
4839
6670
7839
4208
7114
12685
6721
2661
13581
14256
10800
10401
978
4892
2467
3890
8021
13598
9063
12813
13920
7166
10158
8207
3504
1759
14585
8687
10877
9124
3514
11905
2072
1341
10987
7040
2876
9432
511
1378
8956
14415
8386
9755
8302
6428
2286
5179
13335
9791
11692
4097
8595
4807
12694
2401
11466
10622
7165
4608
2891
8677
3142
1731
3212
5647
13061
5391
6802
3690
9023
9149
7111
11383
432
14035
10664
3015
2765
13231
3464
6821
1640
13415
323
9498
3375
10669
11675
13914
4514
8420
8843
9322
8803
5447
7708
4132
1033
9400
10295
4679
924
2583
12644
13727
9028
1912
3446
6636
2831
10666
10292
1969
4293
7767
3230
2149
4861
13902
9894
8734
13503
10884
5843
8895
9246
7684
12985
1875
10377
7448
11897
9821
6098
3737
11965
11518
14066
8905
14518
150
1769
10385
7005
13375
5961
8645
3412
10406
423
846
4861
10327
4624
6226
2204
3400
5040
4643
3706
9926
7894
13008
3774
1055
12031
12763
602
54
12477
1582
9631
8335
14050
3022
8719
6246
4344
3180
3281
1429
10522
7408
5920
6829
5081
2111
2934
1857
7339
12801
2496
6035
9329
3274
4302
4212
9975
10395
12355
354
2486
12892
4207
3084
12588
7585
1178
8328
10269
5835
2759
11233
9845
3544
5325
3360
7921
7912
8829
14404
9408
5578
9345
13333
3299
7312
6889
12541
5263
5297
5404
12424
3319
6221
3814
9305
2153
11151
7141
4306
5175
3204
9698
1878
14602
8765
7355
8029
2845
8252
14111
6550
6755
5870
12227
10194
3875
10397
13754
2741
14239
9686
11526
11155
122
4574
4768
97
10606
9327
14613
737
10005
13661
10403
1630
4790
8941
3830
1468
2201
1451
5976
13666
9778
693
10607
940
13431
6848
14136
9271
10422
3217
4537
1824
368
13049
2589
1336
5668
1470
9266
5236
4023
492
14233
8072
7329
13479
8441
3435
13682
7319
2513
3387
5645
13090
1210
5278
4995
8733
5230
3252
5314
6771
3230
2289
11458
13719
3940
2893
11968
11698
3136
12447
5100
3553
733
11858
13579
9685
14201
14454
7744
1328
5277
6122
6444
4078
6283
6866
2821
4398
35
1445
3835
13768
860
1176
10317
2959
13869
3007
2501
13832
1747
3306
6510
14172
4276
1568
10297
4111
5102
9686
11617
8837
5240
3575
10446
10250
365
12889
4910
9626
10741
10266
5635
3069
8240
9509
10242
12011
7215
14297
2635
5215
8780
12885
7165
782
12197
14174
7858
12552
1142
11896
13676
5610
714
238
8271
6658
7566
4726
1517
4482
11758
5102
6010
8992
6049
7508
8957
6202
13538
13333
13898
848
3784
3451
13313
12852
12941
8039
8522
2015
325
8484
11727
10829
5339
3747
7344
7669
6686
7029
12582
12284
3740
6724
7998
9342
5373
5538
6129
1183
10810
11651
11489
7138
12972
10228
8673
7259
10020
3938
7609
11442
14463
10348
12056
11186
7541
3402
11545
7888
1086
11698
5915
7274
10720
12304
5421
13105
8861
3899
13969
11983
7752
8250
3411
2388
10575
9865
8637
6931
13455
3201
12921
9328
12435
4819
3656
5215
1171
8276
536
7624
12204
13961
10588
10617
7983
1026
7163
8790
14054
3523
8174
627
4367
12728
12938
8289
3125
9726
1743
8784
7452
938
936
3137
4951
9245
814
8246
7587
2533
222
9461
6234
4419
11135
4424
10590
9530
10934
1416
11730
5622
11788
7943
148
5525
11288
8196
1698
14598
9338
5633
11579
6657
12036
184
11043
13155
6207
5281
4985
12250
725
13623
13579
14684
552
8591
8978
885
10934
5902
9869
13223
13628
3606
13984
283
8165
8048
3765
7721
8803
486
10538
2362
13119
13098
7218
1441
191
12420
12541
8267
14446
9903
5970
9335
9579
663
4884
292
7939
2235
12694
14283
8534
4637
5032
6373
6015
5242
1554
14379
8090
11796
1331
12603
9230
14616
9218
13276
5583
3245
2020
4870
3078
272
6938
3609
6083
14126
12317
8914
11768
4842
5418
6224
7411
1671
12452
9061
2254
2782
11867
9102
2699
12242
9771
1983
11907
14053
5920
8099
13800
7952
6044
13693
6635
14675
11063
11331
2844
4698
6570
1328
6326
12363
13575
7751
7537
284
7169
3650
13251
3409
8971
2444
4066
4553
142
14309
5907
13307
5302
4983
4076
13758
2125
7995
5608
230
2186
14288
1103
779
2185
11771
11806
9989
13557
6253
3722
7351
12675
2941
5663
8472
12882
1761
6675
13655
8363
14344
11786
10440
7178
2409
6487
7208
2666
4165
3520
5525
4273
5172
3635
12653
9853
1507
1908
8590
9791
5186
13887
4578
3154
6959
13134
9618
13961
11747
14499
4433
2948
13219
1975
3788
7485
13417
6100
1470
3210
6011
1610
8149
9061
6680
8764
12908
12619
9041
1711
10573
10691
3180
7913
5348
10580
2968
7814
1016
8814
9706
8332
6745
802
9073
721
12679
3465
8093
5689
12209
7135
12669
3114
4231
2862
12766
5827
12115
2908
7455
12061
4673
10525
13998
8103
4766
13528
12058
8098
1248
6630
4279
2931
6156
439
3476
3066
3350
13558
12116
6199
6292
10865
11183
7183
12772
7571
6691
1989
11681
7705
12545
10677
2265
4430
9985
862
5053
7627
6117
7550
182
8093
10338
14642
12812
6711
1379
4741
6418
11361
9615
8113
12653
11650
1148
3654
1637
12314
11189
11101
11873
10793
5890
3266
3596
4555
11368
11461
125
6205
13525
12897
1869
4544
10787
11276
7224
8746
13971
831
7357
12353
2824
6450
14046
8497
6215
4660
4768
6615
12600
13664
14159
13770
11279
1304
8691
4200
6835
931
7181
14298
8138
658
5633
4529
8307
13229
4986
2577
11885
4776
7836
4742
1610
14337
5254
2687
1308
12280
6760
5822
14685
9937
7577
8857
11783
10476
4494
4267
6867
4063
11455
7807
1938
2110
8473
4776
11596
5521
7029
9497
365
4276
6277
1147
14511
10592
1474
1872
500
11989
14377
977
7404
11247
11940
10463
4454
921
4676
13983
702
346
9355
11019
10426
7148
13637
2453
12309
5738
2663
1587
5517
3177
10585
2635
14294
1753
14243
7891
174
13467
533
10084
12951
10806
1851
3599
1343
2738
3059
8604
8853
12612
11449
5363
1059
1857
9466
14251
4620
10082
11764
14522
14516
1259
1275
7686
5302
5128
9860
13436
10164
12819
6818
10742
5900
6258
12994
9305
11723
5161
11829
4476
4914
2102
1906
3986
12469
7568
13511
4321
8500
3144
619
14339
7462
7989
3951
4925
3123
3137
6628
4994
4753
12715
11971
7141
9011
335
14448
6133
7656
2606
581
11016
85
11688
1410
1207
10209
2748
5742
11118
466
6118
14567
12417
211
6760
13964
13775
10380
3167
13257
5872
9272
10272
10737
8827
6534
8607
12974
8590
795
9163
8724
280
4221
10612
2770
8615
13544
2241
8301
2629
12299
9108
10056
10102
4395
8704
5826
13038
8347
10569
2997
1258
12077
14095
10209
12765
9021
12442
2489
2945
8183
5182
12900
2989
5390
1122
12115
13139
13859
5784
919
3385
14150
8115
3841
1577
8796
9610
7988
10536
13309
3792
12836
7973
4572
5245
708
1310
14610
1498
14363
11796
2572
7463
8007
14659
3024
12875
6234
9015
5432
3205
9826
6413
1589
5365
13598
11331
2237
10507
8468
6592
12383
9154
30
2801
4774
2786
13408
6487
13830
5293
7596
1078
11273
1749
2043
12353
9881
11558
13025
10255
10643
8286
6968
13424
13415
1210
9253
12884
8659
993
4983
8401
9455
13086
13279
12187
3364
5206
2235
2377
3886
13730
4412
4570
1349
5753
2784
11553
7833
5161
9572
12627
7031
12154
4038
2781
980
2183
852
13083
9778
13087
8667
1308
9510
6298
8966
10179
10225
10965
6995
12363
5481
7234
7675
12424
9917
13243
6103
11752
12047
1363
10772
8909
5563
4701
3502
11418
10656
10020
2952
13874
4001
13387
429
10352
1690
4384
6439
10356
7099
9663
7679
4588
4866
8368
4562
5521
4666
7538
1953
12401
13794
9898
9474
9156
11736
14399
8883
529
5288
11162
12319
489
2439
14635
5406
5690
8167
5320
12832
8128
9667
14212
3943
10374
14514
805
14331
10783
8639
11249
11378
10942
13707
3101
1872
6335
11060
10187
5720
12701
6258
1719
3264
2068
2906
13016
1085
13005
8806
9156
11804
565
2486
3315
7997
9462
240
3662
7630
1991
11296
8755
11957
11392
10960
14386
2903
10929
3388
2546
2438
4130
1136
839
9088
11499
262
2073
5591
12520
1824
11148
648
196
4241
1193
7038
7929
4251
3864
2572
3210
12003
4690
11410
4790
3725
13609
5545
12130
13205
8890
10014
1362
7242
51
13207
11140
14267
4512
7871
6146
1023
12424
4240
13017
524
13969
13949
12750
3664
13137
6642
7763
1275
5880
1540
951
1207
13866
9005
2633
3938
10718
4007
13619
5704
1027
13673
3952
10481
7095
7991
4952
9209
2737
8777
8214
12416
909
6464
5014
8317
9131
13196
2029
6015
5378
1378
8607
1395
13262
9674
5057
9007
7383
7884
5598
4912
2128
9715
11354
2142
11379
10262
14533
11675
3958
12343
9462
6912
11774
10203
167
1240
10665
14123
7335
12344
5449
10495
5182
10995
14667
12503
1912
13309
1504
7205
1380
13860
8707
3748
3890
9819
8015
11094
7433
4406
9331
12322
12591
1957
8488
8138
10798
12225
709
8865
10588
562
10222
11421
12093
10826
5345
7535
12089
5047
10318
11129
9203
8142
1422
12160
3948
13319
1802
2868
10636
5762
7664
3112
10638
7271
3655
5279
14646
12923
9529
2063
4356
771
14138
4810
4392
7612
7744
13966
5467
4442
3512
14557
3132
2854
11291
5921
273
2309
4593
1728
14174
559
478
13286
2093
1356
3241
3418
9581
14066
11464
3529
9061
1910
12345
11674
11495
3663
13103
14195
8794
3858
6778
2431
7826
8354
11504
14053
5593
7126
9817
7691
1644
7577
7111
1784
10651
7903
1707
14565
75
7166
10471
10277
644
5897
12972
4540
8045
9160
12142
11607
7239
673
12653
2944
13548
2038
11301
2492
463
2667
4986
7738
7240
6403
3270
6320
7973
2690
14560
7357
2662
11722
14087
6393
1625
728
2591
13695
1874
5064
5455
4050
3919
13482
12346
477
269
898
9548
7286
10485
373
3248
10266
8733
2122
6654
14036
10558
7773
11568
12045
2541
9140
13572
6581
6972
12014
11428
5436
13712
2369
1153
4668
2837
8509
4972
5143
8936
6529
5176
11521
2724
5830
7472
5917
2555
7879
9790
13497
14668
1076
12684
13224
6081
12227
5603
13495
13621
6546
5304
11819
3623
10097
4466
8211
2991
8762
11735
12964
4805
4457
700
796
7902
14071
6132
12775
3279
12087
7526
5198
2297
2209
14486
11213
4962
8960
351
7451
10029
14036
11331
11746
14651
502
3364
13637
872
3337
13686
13344
4685
12274
5620
1697
5989
12325
6218
4433
8600
4555
12725
1101
3474
12327
6373
9514
1578
5934
4797
9695
1484
6144
5305
12290
9049
11912
4383
13794
6950
2508
6147
2388
12357
8728
6381
12615
1744
4636
4958
12145
7348
5801
1018
2462
14223
7498
783
12157
4779
9568
4627
11779
13834
4446
6254
1775
11219
12217
13304
9266
14051
12442
8711
14089
14467
20
