2345
5966
2388
3105
1111
6540
5693
318
2580
1188
3887
3254
5232
3406
3279
3240
4624
2831
4875
4009
382
4635
3712
6356
1521
5219
5011
1316
5602
907
806
3515
5415
1034
585
2205
4467
327
390
2918
2067
2479
5583
5222
1551
3555
1828
5787
2220
6075
3618
1438
2838
1692
1602
5515
1995
1611
1730
7084
2715
6644
6512
2480
3150
5348
1135
2033
5895
5589
7040
2345
2988
5369
78
4755
4097
4557
7090
3536
1227
2550
2950
998
1042
1101
3731
6577
4285
5540
3903
3507
1344
914
1401
5507
4737
3656
55
505
6554
5898
6983
6641
3146
4406
1622
2299
2759
1044
3600
6487
877
5804
5537
313
1502
5430
753
6602
5387
3768
996
2281
6991
4867
2024
4366
5772
405
4389
1116
4337
2240
3237
4782
6277
4345
2895
4165
5336
5012
2630
5224
7030
1634
3214
2732
4288
751
3622
2501
4162
4086
6110
2101
2583
5824
645
5712
2835
1601
4125
1971
6190
5018
6964
2663
6439
4996
3497
792
4735
1773
2054
3388
765
2543
1783
5928
6738
4299
2116
5757
2245
4090
4215
4999
3111
287
6343
5883
6671
604
6562
940
4741
1643
4890
1384
3841
149
565
4171
1779
4834
3932
6815
5317
2844
6884
4512
3421
202
1418
31
1751
2510
1555
4528
4667
1924
2050
6235
606
2918
3729
709
1308
4029
2535
2947
6806
1688
177
3764
3985
4550
3951
6600
5307
1838
2531
5698
1845
593
5662
2706
992
1295
2062
6332
5468
4241
3772
2344
162
6047
7025
2611
174
5743
3741
1056
6268
2742
6931
3132
1305
6880
1971
2192
1319
2602
4546
480
169
3159
1649
5147
4105
5849
5253
3663
4751
3864
5035
6365
3275
5971
6178
925
6769
6043
1867
5630
3374
1153
5121
2694
5846
5399
5665
5841
6173
5381
6943
730
2011
330
6195
5366
3145
2690
1333
435
2465
3317
6139
3005
1935
6271
1412
6105
4786
6247
3669
5828
4084
3991
700
1936
1136
5202
6353
5702
5171
358
3555
3497
6374
4518
323
6039
4421
2829
6671
6645
5132
4683
4885
3353
6809
309
3356
1331
173
3799
3175
6249
4826
5668
561
2087
6756
1572
3071
3343
6390
2027
5639
6838
4473
2638
665
2589
352
2892
3074
6428
3658
5389
4384
4071
6280
732
2169
2514
7090
6495
4386
5564
4527
5148
2137
4694
4377
2431
3499
6277
1514
7091
5124
1988
6064
6897
5434
1651
3896
5748
7150
2565
6165
4638
6552
1074
4644
2404
499
6910
3139
1220
1584
6486
6398
6511
5867
6053
5524
2565
1390
6605
5003
1065
841
5406
3072
3000
1993
5111
5615
436
1023
6980
1446
3535
2749
5615
2374
4488
2452
4437
5552
5729
7098
6335
2291
4505
2599
6071
4775
952
5209
438
4153
34
4337
5610
894
3077
1495
6351
5179
4427
2349
3821
3258
6469
3301
2657
7129
2570
2921
3591
4232
1734
2624
4715
545
2209
6798
6706
580
1794
1756
657
2196
6664
6403
7050
4379
4206
6546
3640
1936
2666
5252
2392
2886
1339
6784
3353
6696
3675
475
1387
6897
1854
2141
978
2428
1418
6979
3181
1302
232
7145
6906
5292
2737
5647
1887
5053
1255
2745
2375
5727
1551
5957
3984
1046
2908
4399
714
5861
3700
6928
4098
6257
1679
6633
6195
2688
3048
1708
3117
5543
3220
630
3223
6646
6874
3704
5018
3954
5232
5777
4393
3574
4053
6585
2158
5179
1093
3994
6804
5799
6706
4712
3952
6997
5790
4580
1147
200
2538
3026
1331
3806
3692
2297
5231
4900
1977
5933
7001
5239
3694
6298
598
73
590
3834
4537
6024
37
770
3736
2956
1086
6220
6834
4279
1472
5859
3414
1041
5975
3128
3541
4879
5105
2126
6055
2382
75
6460
4826
5447
2956
3138
6435
6526
5251
2131
7095
929
6628
3323
3806
705
5690
1175
2416
1067
6124
4332
3509
1103
1840
495
2017
2620
54
6356
573
1823
520
3180
5627
1517
3777
223
2200
5761
3451
748
3546
5732
6380
742
5326
5595
709
3445
4906
4254
5048
6020
3112
396
7018
2551
206
2228
7057
6058
407
1706
2908
359
4688
5754
815
2118
6888
3408
108
210
2227
1959
2233
5028
151
555
6160
4316
1279
1237
2228
95
1440
4147
778
6569
6623
5349
2437
6463
7132
1576
5201
2616
235
5449
3210
5737
1809
5455
4990
3595
539
3601
1857
1483
2918
2441
765
6530
299
3037
4074
5937
2426
1421
2654
5269
139
3615
4273
5980
5136
982
88
4585
3935
1901
1266
142
187
268
6130
946
3629
6345
5178
1130
4459
2710
2617
3207
6784
1658
1126
438
6027
1758
2200
3978
5062
3207
253
6719
4157
5499
2317
6677
5835
612
2228
3486
4415
6820
5202
387
3754
7113
1093
3963
6938
3642
2865
2516
4802
6474
6100
6163
5984
1288
2525
3781
7031
1175
5512
5213
2212
1563
3902
5093
2370
287
6851
4441
2868
1367
1417
3519
3772
1590
7118
4230
3225
1165
5599
6792
2880
2892
2323
3487
110
1454
2593
3769
4497
792
6445
492
2264
5844
7137
241
3284
6518
5634
1701
6575
6558
6228
3448
1818
890
3185
6829
4916
2583
2446
6959
4265
4552
3958
5199
630
3630
1183
2544
4114
6989
3593
920
4768
875
3723
1560
1815
3507
4585
2796
1039
1111
2096
7052
2940
1879
2073
6407
3118
2240
5887
1271
1491
1935
5782
5711
4073
6762
4084
1690
6020
4137
5479
6159
2802
2353
6491
4420
5215
6184
6766
663
826
882
251
5610
3944
1531
6036
4629
2804
1418
828
6084
3328
4205
4897
2323
981
5395
1412
1001
3014
4848
6079
278
2848
2234
1253
5951
867
258
5721
1674
4065
4408
4047
869
4022
5692
855
5406
444
46
3384
579
761
3644
3402
1956
1202
3963
2091
4167
5589
6475
4933
1028
2605
2574
3568
1608
6290
4963
6045
5380
2793
1839
4039
4224
3967
4878
5494
4837
6621
1617
5560
6182
451
6196
2443
4838
2028
3065
1499
580
2982
6093
1448
2021
4725
4677
6712
1440
4967
496
2776
6144
3876
3906
2634
2068
6136
1242
2792
1648
3125
6235
101
4023
6686
1897
1718
3818
3092
1596
5593
726
4484
6588
1052
1548
218
5752
5294
3435
4927
6124
6690
6591
5471
91
7095
1773
481
2969
894
4631
2260
5059
4999
4037
6811
3790
4813
4534
2722
6031
1396
4791
4909
247
6744
4341
3915
1956
248
5512
3798
4330
2671
4667
6483
5041
3377
4592
1245
2001
1302
1098
6566
2715
5301
3480
425
907
5192
438
3497
5167
5405
5189
3870
1544
1935
2457
5795
6477
6535
4414
1233
964
2150
5028
2007
1242
5782
888
6311
4291
4615
2084
2813
3586
5949
795
4307
2243
6594
6361
4372
3334
7104
2930
3801
3853
6700
3275
6748
5727
451
4945
506
4350
6769
5046
1608
1581
2973
1424
2715
2490
136
2196
5435
6739
714
5250
4035
739
1404
7024
5278
3271
1012
2766
6880
2480
4941
624
6915
380
4929
2936
6839
5264
1215
1378
2397
515
3502
1007
2410
5078
6322
4270
4842
6202
2309
122
3897
1743
132
2980
4921
1912
25
5589
2776
1168
501
7040
2763
6155
1724
3350
4706
3954
3859
1586
3064
2303
2186
7037
2944
2728
6671
5657
2835
3747
5193
7043
4487
304
755
4361
446
6326
24
3951
4935
1296
2903
4108
3096
3069
1664
365
4539
1505
5890
4650
4592
509
4652
2650
1440
6385
1194
6222
815
290
5922
2755
4310
1532
4132
179
4948
6786
4778
3418
6258
3044
1108
6460
1714
6177
5237
6714
5226
5067
6304
6218
2200
6952
6614
1669
179
975
6831
1236
2179
1640
866
3663
2705
3296
6089
2946
1339
6726
1416
5810
7047
535
1283
5814
2981
1289
4016
3978
6099
4001
1092
5005
3340
1368
3401
4739
6304
531
5361
1763
1990
1225
1290
3392
1732
2519
4456
3397
4511
7095
5677
5960
3967
6508
4431
5962
1894
3701
4934
3192
6612
2572
1881
3429
2041
1355
5259
1489
4958
194
3187
2745
2506
1183
5468
2763
1566
4297
4771
3606
5712
6927
1199
6925
2469
6662
3973
6619
3466
2874
6739
3542
5332
2736
6748
4981
2715
116
727
4202
2030
3644
6035
639
6412
970
1439
1803
5089
6543
5269
4357
6083
5022
6904
2997
1541
1714
596
960
941
1698
5988
1715
4201
3906
3612
4303
7107
6657
2398
1622
4104
711
5275
3625
4763
2823
5332
192
4209
138
4916
3058
5053
6498
6356
2582
1060
3012
5651
2728
2826
662
464
899
5993
6119
3927
2252
5772
2976
6276
6753
5718
538
6213
356
2733
5259
2140
4334
3155
4604
4949
6571
3138
4307
1527
3053
4201
5187
4317
509
4807
4480
3369
3939
1408
4093
4757
2493
6422
4945
1909
1930
5311
870
2431
4116
6503
6523
7138
2509
1483
330
6368
373
2421
6967
2912
446
458
1325
533
273
5474
6293
2814
5464
3687
5605
849
5374
6337
5839
3816
5302
2775
5533
4252
3085
1965
4592
3797
986
1653
4055
3455
1939
6406
6170
3901
4005
6579
2313
3828
1260
4435
6284
411
4642
1476
2621
4703
3580
7021
4688
2286
1861
3021
6305
4015
4655
5441
783
3121
6247
6423
6872
380
4465
1538
419
6688
4574
1080
836
4219
2109
3493
2466
5185
3878
113
616
1642
1541
2474
3996
844
4431
7079
2733
2118
1528
5402
443
2017
6621
4186
5160
3460
5878
912
3345
7018
6845
6487
7077
5910
2969
5867
3009
6547
811
1628
1622
4616
5085
4153
3199
636
83
3849
719
2992
2684
5407
6170
380
1905
2436
452
5165
2839
2634
5521
3600
3870
4083
3556
5834
5257
3963
1355
346
2126
3682
93
4128
3839
6013
5706
6430
683
680
6575
1873
6778
83
4863
1501
51
5877
2810
5231
7095
774
1180
1516
2079
6803
5317
4729
7118
738
2250
5263
3524
2066
6954
185
7007
299
688
5993
268
6534
3529
4742
304
3408
1576
2336
5999
3766
5475
4060
549
2106
3912
63
3017
2243
4354
5359
6677
4263
6182
5530
4912
997
2219
3625
6961
6933
5342
5155
6894
6335
4735
3958
167
1363
5353
6024
1159
2532
5220
2559
3304
1382
3181
2024
501
4797
4759
2404
4224
5420
5767
427
1829
3038
4474
6315
2154
6047
1758
4868
4321
1714
5524
3681
1745
6585
4324
3199
1936
1524
4301
6022
458
4207
2532
1951
5236
4493
1209
934
6207
800
1468
5128
1716
4169
2167
3869
6249
352
2240
5547
5172
416
2225
3383
261
68
3668
2030
3563
59
808
6086
7072
3990
1918
2275
1195
1455
670
3474
6003
5327
159
5459
4822
5439
3830
489
1478
5854
674
5854
5155
3169
7095
156
2818
6924
5409
2700
6319
3216
6722
4815
2599
3310
3086
1874
401
2490
378
6251
1317
2716
3265
5672
1894
5615
1372
2092
596
1811
1203
6860
1569
4971
5257
2853
374
1120
6680
4606
1851
417
5921
721
6651
790
5203
342
2486
4723
2676
4249
2811
284
567
4407
3028
6015
6493
6417
2644
927
3656
4394
525
5296
4829
5242
3469
6690
144
7098
2339
6639
3218
2270
1463
469
5342
2927
2807
3427
5486
4610
205
2745
6607
3788
5099
43
1804
1974
1218
6169
5666
1245
5122
3845
4698
3397
5117
5499
1132
4563
4080
2901
5488
6522
1358
922
3289
4894
1797
2206
7068
6857
6906
6207
387
605
2302
1368
2024
4977
2112
832
5681
4876
1602
638
3291
894
3198
6509
4757
7025
6463
4568
3081
908
1396
5686
5831
2361
3155
5047
4600
6903
227
1539
3758
2358
680
3032
5605
4526
1350
4182
1434
5176
652
3117
127
3943
6008
5259
648
1423
3645
4171
102
5820
4282
1438
874
6039
3572
2144
4726
1865
1982
2174
2681
6122
5180
890
2164
6825
3552
4671
3163
2173
5323
6697
1011
1190
6772
159
1390
1278
5860
6455
3112
6105
3949
3758
367
2184
6653
1050
5247
3013
3246
6838
5192
6231
6824
3085
4252
7138
5383
4373
5641
6934
7124
810
6263
2038
860
2564
1948
3383
3020
2859
4411
4173
5426
1314
4874
336
787
262
2218
2057
694
4022
5871
2640
2433
6070
1452
4352
3498
1506
4748
1625
4043
3264
5943
1198
4260
7141
5857
3249
2964
4152
1634
2680
5072
6443
6997
3931
387
4404
918
827
6569
1018
5147
5257
4221
2260
2196
1421
2377
6542
3816
6304
732
7154
4955
3440
704
2923
4799
1010
6723
5794
4460
1266
2874
3794
5449
1653
179
4494
1640
5468
4816
5286
5593
918
227
295
4451
3159
1430
60
6079
6744
2884
4619
6646
6063
4177
5556
2959
5168
253
1788
3911
487
4976
6958
7012
2882
6378
1277
5609
1834
5228
5083
5462
6598
4189
2782
172
2253
3921
4717
3071
4446
1072
3204
2826
3689
580
3411
6846
5141
3102
3954
2045
3717
2966
4390
3736
4195
6991
4211
6353
108
3659
1945
295
3650
5576
863
3786
6115
2664
3959
2675
2591
5250
2328
1182
1546
1142
7063
3357
7018
1758
3507
6973
4541
334
3311
5110
6766
2979
156
3826
3812
5280
2125
5578
837
2258
6919
4235
4948
3708
6231
5502
2123
821
1683
5487
2665
3403
2341
5272
2237
622
4807
4648
3758
5781
837
5570
956
4722
5606
4521
721
5797
3371
1880
6451
6258
5524
6959
5029
327
5652
2528
2331
1218
3617
5913
1807
2094
3226
3748
965
446
4987
5393
3294
3353
5385
5901
4300
4388
6949
5978
940
7001
422
4394
5482
7007
3039
2294
126
2404
2654
2344
1171
4224
1769
6394
4854
4467
4141
1458
1666
6866
2556
902
714
4595
6336
1248
5427
167
197
2771
674
5081
3465
2183
455
1891
2461
1524
3363
2497
6554
6669
278
5621
1200
1476
6732
6473
5454
3881
4224
5086
3267
4245
3782
1056
2786
6150
2750
2233
5860
4502
6899
431
4157
2826
1584
2049
147
1740
4120
5919
5173
4661
214
3231
1512
5904
6354
2367
3891
1936
3635
1449
4231
1821
5475
3688
6241
4857
5111
14
