1943
7438
11078
10311
553
3035
10167
431
506
9852
6426
9095
6527
5472
6177
2935
7156
8633
7834
6768
2505
11301
7619
12406
1031
6204
876
6493
11327
2234
7878
2841
6046
1144
8625
8916
2109
353
3737
5146
9710
11425
491
2949
8208
8595
4495
7757
4168
7119
4524
11770
10883
11198
867
3441
7465
2776
5562
9773
3478
6941
5311
7315
6325
11387
376
1740
4936
6527
8910
3946
11490
812
2584
2820
2689
11190
3483
4485
8475
10549
947
4389
599
11818
12093
8700
10978
8217
10480
6154
2465
9190
11950
1033
812
1713
6110
6217
5084
11284
3924
7857
215
5470
4808
12468
458
7501
1205
8964
3641
8117
3976
7800
4927
8611
3533
1143
11519
8146
1758
11937
10899
7509
2779
8569
10199
3038
7567
3499
8645
8246
12226
7627
9152
127
10001
608
7751
7427
2340
12001
1453
11465
5321
5515
3194
12018
9105
10395
7047
7730
7988
11693
8202
310
5786
1803
8105
11532
11296
7507
6750
1376
7169
9639
3672
4069
5125
12392
3880
10784
2414
10095
8831
8512
6516
11250
7403
7962
8374
767
85
3674
11663
2554
230
7377
7208
3724
10590
10345
2371
3234
6801
11738
12031
11143
8811
6656
2999
6000
9013
5263
3605
1257
3377
862
10763
573
11659
3985
9303
10789
2409
12288
8498
4681
1868
10853
9868
10231
10531
3444
224
1368
4611
7876
10440
6373
11264
12056
257
4966
6796
664
3458
4554
144
7226
4131
11587
1033
7583
523
7370
317
5341
9619
194
4989
1333
9177
9825
11355
1171
10718
9252
5507
5658
288
9253
1957
709
2977
11728
4060
1325
239
6829
2187
6906
1844
5609
6828
6992
3847
10599
2786
7668
1923
4189
10639
10746
10026
4457
5125
4248
4156
4547
11900
8442
8676
7917
6834
733
4215
8005
12238
12263
2851
3156
7289
12411
4704
1973
10341
11794
10395
2632
1661
1736
9561
2128
10957
10784
3868
11880
3856
9826
4200
11291
611
2427
6495
7882
8900
8385
1732
5012
2505
5853
3701
6094
9514
9225
4045
3159
7220
8026
10609
4707
10203
6864
6466
5120
781
4360
1302
10807
8705
10398
9627
6070
3493
3530
9373
9323
2956
3997
4114
10649
6229
6863
7182
1903
10220
4377
6397
5321
10637
3789
11551
8951
11837
11961
9386
1807
4744
1662
7196
3264
1562
4928
9130
6192
9115
7722
120
10318
9054
7484
379
11687
517
8271
12337
8693
4503
4467
8038
11837
8736
9958
7914
11135
11424
6982
9486
3423
4894
5363
4140
11661
6489
5362
8307
241
3569
4598
9202
1814
651
8137
9438
95
10169
1510
7671
9811
2417
11995
2049
4188
6793
8811
12464
6251
2406
12162
1397
7788
8660
5702
5698
10875
8061
7820
3245
8592
4003
5925
7627
4557
1789
10557
11125
6164
8450
11155
8414
10706
3893
6607
6180
9640
11096
2354
10073
6930
8598
4279
4244
5585
9910
205
5616
11842
563
12086
5850
1171
6868
5866
4606
692
590
7545
4349
11346
8938
11957
2265
741
9163
1832
8528
10113
11083
2895
2794
842
5193
3423
11650
11728
12259
11505
943
7162
3688
9805
1183
6876
10568
8312
6697
7863
4291
1388
1971
7310
1281
10714
11627
11336
7766
10181
3532
4369
11398
308
12360
1579
8792
8249
9418
7578
3041
2133
5642
12394
202
10096
204
4761
784
6338
4370
10330
10398
750
7101
5216
10625
8022
4739
1289
4839
5252
7675
6838
2765
9325
9005
11002
6499
2247
11425
2494
5954
8032
10731
7442
8746
12449
7735
9674
2213
11370
3407
6867
10618
10148
3771
1019
9666
6620
10282
11722
2749
4063
4013
222
339
10515
831
6792
7087
11993
11532
5915
8849
7651
12297
8268
10135
4436
8362
10273
750
12118
9177
2939
10280
8947
5375
4406
5908
2807
1692
5832
5621
4739
4982
2826
8593
7036
5407
9958
4825
10857
11182
9036
2653
3271
4720
10674
8809
9653
8158
6737
11874
2575
1060
9868
1215
7938
130
9409
5068
6012
5019
6953
5724
5465
10754
12387
1005
10148
11217
3159
9586
4601
1623
2699
1649
2860
11498
9684
6927
8464
2164
1037
481
6862
7152
11676
3639
6644
6751
2090
4428
2763
3071
3592
7999
2984
11765
6160
10826
6476
1581
4126
11440
2219
6473
4078
5909
12469
4520
8712
6385
8099
6972
8171
3709
7483
4892
3587
7975
6060
8888
11109
11894
1427
7908
3366
8934
1936
10863
11548
807
1527
2198
10394
7296
5628
2517
6303
12106
2886
12240
7303
6541
9313
9264
5874
3284
3148
4573
488
10160
1500
12285
9057
3510
5051
5472
363
3090
11962
11558
6659
11781
12314
11805
5749
9742
3020
3033
9773
3214
1476
4637
10656
4907
11969
11724
717
9769
7375
10488
11313
1746
7927
5357
445
3525
3388
2907
162
194
7324
7584
1192
3806
2119
5732
8784
5015
5819
2991
11394
8894
11139
9527
10395
8454
6349
6772
12032
6567
2420
1378
3318
9760
8994
9246
1523
4817
8963
597
3223
4891
11327
4552
6435
9346
7715
5941
4655
1535
275
8295
10771
6781
9286
1856
7262
9706
6865
3861
700
1450
12174
11411
9103
634
10669
10026
3904
11514
8507
10403
9171
4859
9679
8328
10434
7360
10449
8261
9153
2022
1414
6259
5156
12250
7454
6385
11677
10013
2345
8549
9061
11478
9891
1083
2196
8990
12114
1463
2657
2830
8850
1780
9728
3004
10214
3996
9344
1997
9333
8026
12437
423
2384
8242
5633
8418
2670
10915
3346
6637
3183
1103
7328
5865
7191
10762
10543
7059
10052
6416
7731
2550
11890
5543
6122
9529
5288
6698
9901
985
5041
7741
10518
5697
7103
3938
9936
2343
9683
4248
4249
3425
2915
2440
12173
6084
5097
2632
854
6688
9395
8534
4151
7248
297
4808
8520
3159
5207
9073
4163
4370
2140
3263
4712
8365
130
4131
10945
3546
470
959
7521
9848
7839
7607
3932
2303
7351
2485
9023
1857
7186
11663
6277
9690
11267
2361
11824
7830
876
8666
854
7292
9617
2742
280
8308
11919
8049
9510
1194
7813
8125
10103
4160
8081
10549
5521
3339
621
10785
1214
9472
4311
9238
8394
11158
8463
7273
11427
2799
7834
3170
9346
8651
4515
680
607
6146
5208
1073
3489
9965
1378
8520
3411
2315
4258
7556
12136
8835
6224
7712
4792
1822
11975
12101
149
6755
8764
12329
251
10645
12184
7766
8543
5443
1118
11452
12340
2516
8049
2133
5331
8494
5684
5596
7334
11346
473
5233
8751
8597
3138
10409
9426
5163
1999
4333
3575
1696
5642
4585
9788
7390
10064
2065
8344
5301
11322
10461
4674
2792
11973
7416
11040
6929
10413
9084
2576
4025
5575
7598
11067
1630
6387
4323
8692
11021
2721
8120
1640
5524
2544
4931
3037
8654
8182
5552
773
3423
10255
3297
1822
5267
3108
8096
2615
2864
8995
5822
6845
4334
5252
2413
4417
6209
7109
7309
9572
4064
3100
1885
9888
1732
1376
1709
8114
8196
9044
8011
11602
10500
10684
3118
7468
10245
1683
8531
5485
2032
6672
11614
3302
9460
3270
3746
8869
9750
1315
10580
8286
4536
3206
10969
3107
4569
6484
1709
8282
6632
79
12199
8711
715
12460
8878
12213
12352
5233
3540
2678
4918
4184
10608
11492
11364
1592
11373
2037
2278
6863
11853
7903
236
4472
8185
9087
3449
3645
5062
4803
8881
9273
2282
2515
746
12424
10022
2077
10255
5497
6353
2379
6376
6117
8401
3661
5345
11539
10379
12186
2448
3054
1475
8964
9927
7702
6399
9451
2010
5513
10421
7484
8480
11705
794
10845
3077
6267
438
410
3782
10887
1674
5973
3401
12272
10832
5674
6884
5880
6247
8928
8431
5156
5239
10990
1131
12318
6107
3446
9602
4267
7534
5344
12063
1415
5862
6387
3916
11945
8837
7139
906
362
1265
5537
11065
2734
7109
2295
1721
7593
2967
117
12199
12076
7275
11245
6504
1567
10149
5027
5377
6686
8584
8720
6856
2282
8723
8945
2103
11456
7005
7037
1108
12419
2230
11579
8945
8875
7893
883
10367
2605
6037
10809
11870
12073
6578
11169
4757
4635
11054
9496
566
6954
9901
10124
10200
3526
2532
3314
10735
6576
4654
10917
10917
9054
2457
1487
8092
11447
5138
471
1553
2383
4555
8878
7276
10354
238
651
9752
4085
11452
5222
11710
10835
3541
2394
1602
809
5247
5983
5734
4209
7086
3616
3629
4325
2203
9991
9589
11074
6964
9351
10186
4871
11032
5569
4445
1802
1743
9666
10271
2278
10151
8419
2175
6658
8841
3930
9185
673
7848
11932
9950
11371
820
938
11637
8482
5384
9970
10050
12209
4638
5731
4949
6453
6895
7130
6534
6412
8344
5002
784
5960
4102
7846
5428
5185
3469
1050
1244
9539
2752
2466
2709
7658
1222
5408
2592
6489
2461
11568
4773
6342
7496
8073
4093
1880
2243
11446
8128
11280
7117
11195
3202
7176
4325
4500
636
11255
11045
9589
10194
12249
10289
11774
11098
12014
168
54
3700
577
3251
3336
6025
5478
2127
8820
1015
1767
2252
1345
7398
2618
12042
4130
1161
7935
1387
7714
7689
10819
4396
11207
7860
4339
1468
643
11228
5652
1437
2874
7802
4776
3798
2636
6316
11042
8890
9638
1359
7163
962
11273
6724
9298
10019
9775
9475
6917
6555
1528
817
7642
4507
3758
107
4442
8977
8116
6035
8575
12014
6326
327
9990
7782
12242
1083
4906
2689
11755
10281
8211
6363
5041
11626
3495
1927
5580
8730
2340
3030
61
980
3436
4897
6030
7510
5798
2624
11189
9545
7438
7471
5713
7719
917
6599
8878
7027
8109
5741
1789
751
7800
8862
12144
11012
5153
5897
6439
9979
6280
6485
9875
2194
10084
8221
11510
5173
5811
7124
5037
12367
573
10930
8558
10693
5960
6824
3991
7514
9913
6876
7342
1881
998
652
4834
7795
10800
3819
6291
6711
8350
7236
5935
535
4234
12046
3955
3966
157
5205
7776
7680
4634
1280
3319
2567
7782
11524
8880
9684
4244
137
3506
2643
1965
5847
7071
1985
7634
1157
7577
10776
9071
652
4033
1543
10039
11148
9721
9792
2681
5773
10300
4877
1184
3359
10261
5709
2514
2566
9019
10882
9409
4307
1403
543
11539
7711
3657
5455
11601
1192
2231
4623
4692
7091
11100
7742
2308
12325
6586
5418
9730
11996
7546
5397
4976
10148
4781
10391
1369
495
1238
8419
4952
1348
1758
12050
969
3682
1268
7213
9835
6944
7073
4918
8023
2218
5278
6628
3997
11750
4073
5834
10024
5805
12376
5341
2473
4302
12150
11981
5280
5773
2649
2922
8128
10467
2894
9504
4976
10361
9695
7309
3066
450
752
7254
389
4496
8043
8685
7573
9141
2293
4648
11663
6222
5256
9364
8773
2053
10342
6972
7014
8906
5799
269
10241
103
2565
10483
3559
8509
4174
10502
8800
6241
4661
2649
3128
7176
9528
12130
4601
9342
4057
6918
5757
5434
4077
1615
9885
1912
2520
5940
1814
8269
11358
7480
6838
9131
8838
11118
2499
969
2943
11200
6680
10031
8385
9819
2771
11912
11867
4338
1228
7496
3254
11361
8317
1462
6551
6836
2328
8418
6082
9575
2872
3728
3017
8811
1803
3323
5079
6737
2153
9499
927
7831
67
1095
4008
5063
7938
12244
11596
3515
12352
8543
4731
9865
11376
3823
7292
12430
7751
5111
4973
11774
10164
440
9179
11724
10551
6735
5990
11300
9396
8621
532
2431
7951
9613
4965
10935
9941
4911
3495
1340
6712
9233
8698
8011
8013
181
1891
8234
10939
11926
11316
8064
4878
12130
629
1949
5281
10394
9125
5814
6446
12411
341
4559
8314
1048
3997
6058
9765
1607
11149
11100
11234
9237
9919
4223
9621
5670
1944
9805
9215
10912
8087
8341
7534
3835
3617
5892
757
6813
8339
10293
30
5374
11866
343
5099
12304
2994
5760
3801
9550
42
6134
4852
3327
4280
6347
10260
397
895
12155
3715
728
11022
12
