142
19976
5371
5371
3208
89
5614
9209
8129
12101
7240
1414
19994
6581
9288
2309
1935
19765
4987
6117
12864
11457
1162
9942
13043
3782
9808
14877
4689
13233
8997
978
9317
7431
3354
12327
16871
11569
4414
14653
943
17445
10564
2713
18500
18355
12434
17905
19988
7021
5996
10262
4146
8844
19178
18958
1162
13533
16439
11687
9517
17558
19549
11033
8635
8855
15443
5218
15575
18041
12444
2510
16274
9636
8322
18473
14935
4628
7854
13741
18263
7703
7650
14397
17790
13993
8971
19663
12874
10931
18749
15183
15849
1980
5614
1447
4018
6299
16558
18550
5824
11190
9563
15089
2142
3862
14265
7021
2713
6729
13993
15963
15063
14265
19718
3862
19452
12720
89
374
553
7430
15210
802
7560
15183
10691
3091
19995
2510
17141
17235
3009
19995
19196
3549
1414
11987
19996
1707
4018
12720
440
15
