10000
14444
8045
5234
6948
8581
11672
3606
16886
9259
13575
18622
7958
16774
7085
14458
19503
9877
16342
15171
9475
7502
1912
8493
13517
15239
16671
13784
114
5121
19417
1375
16710
826
11750
11240
2891
15594
666
11530
2362
15903
7489
19872
19259
1938
783
19178
5857
1907
19645
11163
14091
1870
19007
19415
4637
3702
13268
2338
10494
14646
7752
11081
4807
4595
3125
4313
2548
9755
6332
11273
1362
5267
818
18622
19351
12922
18890
2219
1166
16351
9817
5685
18145
446
19542
2972
12821
14825
13341
8239
7988
7695
2358
16047
13520
8312
12854
2611
12225
12381
7917
11182
18489
9684
1422
11130
3902
17791
4206
16064
13976
6901
11045
13828
14819
19414
16691
1431
18035
9988
5606
8947
13633
4712
10665
7317
9779
9216
10342
8586
1159
14756
19820
14137
7159
13700
15485
725
5200
6158
14543
10210
15467
7477
16948
7886
3944
3098
15661
3786
2326
11537
8669
10977
8024
14950
16717
16788
11427
17451
18304
12110
19747
14106
19734
1734
5856
3082
3129
5977
4622
8859
16401
10876
6567
5827
14917
18733
18043
10773
19466
16137
5179
2696
16501
84
8215
3963
17725
13801
4606
5777
2980
6783
13048
19380
9020
19157
9424
17516
3486
9075
4647
12167
15574
18117
7722
12332
6452
18031
16395
19761
3189
7956
15652
15340
11788
5310
19669
5933
7559
6326
2456
4982
7662
15577
13292
4559
10452
7739
865
6014
19475
16448
15122
16837
12794
17872
12001
4759
3313
17370
11539
12219
10903
14017
17547
12532
11619
17813
4512
8012
4580
11587
15524
19730
791
16952
4084
6884
2494
8253
10197
13876
5715
16968
1003
1162
19676
15285
3592
381
12891
15210
12475
123
2020
9512
6348
17845
5661
1851
2677
19778
19856
13310
3099
7151
15237
2069
10281
15481
1949
6866
7451
18005
6915
1418
14539
2376
7368
18213
3071
18316
18524
1877
20000
8544
13054
8914
9759
8799
19916
13799
13303
14129
18097
9033
9326
17271
18921
12534
15356
17399
6553
11766
8645
949
10413
16875
6926
5426
8204
17693
4162
6792
19039
7437
14878
14128
15055
20000
17651
12739
6185
2674
11511
18479
2219
5547
16273
11796
8628
15264
10955
4776
1825
7863
11836
1091
8549
3152
7041
10181
17001
15270
974
5416
13589
11065
6412
13530
12304
18327
2725
13969
4243
9910
205
6918
12175
12937
11919
18430
6126
8242
19127
9973
15759
11052
4382
6389
9132
8568
2993
5025
13013
13533
3839
11172
8744
19691
13646
17594
17352
10274
3191
11138
9795
3387
18154
18294
4060
2838
1750
8081
10880
5989
11140
3857
16362
13262
11895
8567
18894
17115
4836
18680
7796
11197
9368
9690
19044
10746
202
9887
17283
6320
1365
16566
2984
1237
19896
15052
1252
14932
5465
12326
2123
19416
15950
5223
16368
14639
4857
15124
17206
20000
3906
6406
1256
9825
16550
2477
8199
13720
17930
299
12075
11979
19291
987
13132
18398
4705
14069
19303
14367
5596
17747
10102
13703
15012
7141
17058
18290
4273
4086
9706
14797
9816
6659
17552
1287
19353
8033
5295
15907
6885
11219
19186
7913
8772
14055
3918
9992
1756
9545
19882
17534
2840
12681
19209
10107
9420
17573
19921
4939
4523
9762
57
4033
19997
12479
10408
12127
15408
5313
14659
7974
10913
5212
5622
1710
13237
4514
15923
6198
15345
4616
19577
15340
1066
13386
11070
12314
6036
7693
2345
11287
660
11202
4245
310
11706
8006
15750
13709
4083
15293
17256
5329
7198
6783
16716
7046
7761
9403
8949
2711
11769
12073
13650
16460
6372
1355
20000
2286
18760
4386
18102
18582
5971
12040
12147
5668
7512
14930
8689
10175
18145
8535
11944
4246
13238
5609
18001
19866
2938
15323
9677
16333
14756
17705
3614
1954
11084
8034
4483
1840
9532
6654
15485
9412
13096
6588
8013
9846
7215
15353
9285
13743
19492
17610
11802
11581
11634
10363
14578
13585
11631
11623
4640
1091
4002
1943
5480
5656
19018
13266
7866
9294
19593
857
11298
6119
7893
6268
2972
10895
9205
11623
1393
13528
4202
4220
15794
12089
9943
5594
18443
15928
14281
5784
7232
15826
14225
15450
11782
12541
2817
13192
16111
3163
12150
3062
15080
12251
14445
3925
5749
6690
55
2155
4832
7171
8347
5685
19319
6754
14669
17314
1220
2820
10430
842
19814
11691
8232
18744
12362
2901
18572
8561
5147
15572
17302
12090
5886
140
17070
902
7813
17916
11773
19173
2504
12393
14913
13713
15442
19411
9591
8463
1298
4603
18150
18568
19954
10873
18177
1481
6345
4860
2469
7558
15569
937
3292
279
16078
14631
16491
2094
12164
9593
12619
7297
19136
19878
8051
9268
13810
1894
1674
18574
12291
4401
16548
1054
17418
6945
18139
17211
12325
17291
13153
11717
4590
9837
8714
4690
13144
17828
17032
11441
6033
16256
10206
14417
2047
6046
10689
1586
1500
19670
13935
1521
15161
2947
17819
3242
13018
8890
9527
10900
10329
6216
17266
18390
8271
7230
11591
17612
12495
6223
18618
8178
5458
10954
18630
3554
18128
19381
814
16567
16751
12801
5272
14506
16366
15441
7605
5236
17085
19543
10767
3987
10685
1633
1062
3660
19049
8392
7187
6253
18809
13312
12867
15372
4052
4497
11236
20000
13272
9316
5543
19040
4915
14805
3323
2367
14258
6410
11747
11508
9869
14764
5536
9651
15649
3344
10845
16193
9083
2375
19267
17892
6979
3345
14968
1280
1799
8079
13449
4958
17636
3251
4251
2846
11575
14282
18564
19854
10685
16488
10896
13987
2015
17648
17365
15899
959
16193
5809
17562
210
2489
15097
16945
17412
7329
16433
5075
8927
10700
14084
7902
10740
3350
8453
17867
8434
12593
13845
14078
7832
16385
8193
1073
2820
18760
9666
6162
10057
12975
19316
11226
13660
13751
12885
9193
3742
17216
2147
12839
8382
16278
12015
13981
10270
8276
508
8710
10635
391
3382
11735
7865
5763
6507
9786
4733
4152
6367
7276
4427
12708
15461
18512
7904
3658
14738
3743
5791
16031
19495
6555
3405
14470
6108
15314
14572
4628
733
4361
9225
46
11350
11829
8464
3429
1455
6914
3065
10726
12234
18686
10476
11244
7314
13662
411
12337
12128
13082
4688
11300
9653
7143
13383
9271
17815
5590
2872
13350
16857
15079
7108
11336
17242
6628
6231
19675
13720
11950
2078
5471
12204
17906
9329
5132
8718
14200
17303
7734
7230
18686
18153
2407
322
10908
15169
9197
13181
5243
16305
19450
19805
4258
8557
3179
7715
18626
3256
17986
14984
10698
5333
10843
11614
15776
5152
2769
18650
12182
13307
17205
4412
15863
15989
15621
7970
253
17488
6457
18348
7929
16146
14669
17293
2323
6481
11047
18498
19708
14751
14108
13030
15885
6542
8087
19920
13140
9464
11188
15805
12319
8963
16932
12555
14663
2205
8771
257
5732
5045
801
15832
11270
495
19934
16342
7285
16754
1796
5304
13647
17575
475
19104
18762
16955
15516
15982
10360
8091
2836
5034
19687
7287
6442
10131
193
9294
1164
5405
7389
2007
10528
11153
7373
1540
10501
12291
10505
6263
12387
12939
12610
19616
19586
14652
6473
12521
8417
12693
2736
4288
16541
17596
684
12821
13195
67
15140
5381
9976
10533
7102
11317
5589
8781
2737
14709
8834
19143
5287
5767
12894
6393
19863
13628
9471
15071
7011
4544
13836
7267
7792
18553
2086
14786
5410
12512
9416
12037
17779
15477
15835
2680
14681
11980
4850
10245
2949
138
2237
5998
17311
5453
15667
14447
9568
15384
19087
7617
14454
13535
9578
5946
11609
4880
424
14113
19670
12634
18030
17391
5554
8619
10004
4676
11120
7748
16434
7980
6890
7638
8730
15031
5118
3328
17274
16085
16731
10692
12671
12661
11946
19214
10443
12777
18120
7876
12459
13686
15482
8085
2893
11323
10249
6276
4364
2239
11663
9702
11494
19483
14228
17700
18748
18759
1753
11863
7920
38
9993
18101
9958
6887
9011
7910
11668
6466
4878
2224
11484
7082
13484
11630
17348
17397
735
16133
8192
4684
15667
2557
17928
13681
1688
6770
17934
7942
17496
2405
2132
1344
2532
13676
1855
17118
14779
9736
13005
8973
2352
5741
13458
2769
334
9576
9543
2190
2598
16073
15059
4077
14249
435
15752
6495
4578
16578
19234
12600
5428
10822
10347
312
4169
17133
14586
18375
1834
4031
2709
14562
10449
968
7528
5297
19086
13508
5460
8526
7363
1635
1478
18910
14519
15752
3620
1412
4208
4176
1447
19512
17149
886
17121
5537
19066
1543
4043
19308
14595
6638
15597
14809
9982
16854
3021
18493
2482
10163
5777
17899
14652
7089
11625
13253
1823
3473
3985
4237
13144
4182
2656
18901
1058
3715
7004
2205
735
8989
14569
6838
8546
5639
646
19095
2631
6372
18935
1239
2178
7246
15694
12606
18528
16853
1398
5812
12654
6981
11443
10816
3555
6245
15155
6812
5487
13966
7291
8805
9062
3065
14112
8423
12365
18536
16088
16742
3648
2786
11606
4974
5759
10960
3657
14882
11363
16845
16343
15829
14617
5019
15392
6515
13554
1068
6614
282
15594
8483
19408
11112
19981
3382
12457
2217
18204
10604
15804
12495
5975
11335
9274
8839
20000
12665
7095
12363
16548
19005
15358
16254
6008
19219
9296
12812
15721
12355
4888
17064
14805
13705
17610
13241
12801
15967
2729
1525
6669
14204
16403
9043
5146
17095
1228
16610
3218
3265
3402
11194
295
7026
18385
3552
6893
18401
8479
9898
8385
16098
9390
16789
18126
12073
1246
19987
8446
1603
9955
945
8454
13374
5838
18509
16043
7632
18855
12907
17310
18351
4534
9634
5819
9424
1781
6679
16187
6351
10882
1367
21
9143
6607
7409
7559
16220
3174
15221
18813
8289
11106
7448
8260
8780
10183
2475
727
938
7875
19576
18578
12786
7122
3540
10963
9586
8274
11905
3245
961
747
1722
17192
6164
1104
15527
1926
3525
11869
14375
8605
14663
12739
472
10762
10179
3615
6553
16088
2809
19356
8935
2682
9523
6725
8068
5050
7182
14979
13720
6997
13001
13349
9912
10752
11758
10283
6493
14188
15548
10889
12997
12952
17173
34
80
6153
3512
8676
12575
19247
5402
18223
1594
8848
18211
4352
16634
14510
3345
2754
12342
6978
15888
9835
611
15320
1749
17345
18787
8704
9324
17575
10680
9865
3930
18031
7799
13771
16853
7416
1290
19276
11414
3408
18368
6955
2701
822
4118
697
4269
19747
19315
6330
7559
17406
12395
5625
2960
10403
5189
2144
13771
14390
15786
13368
17066
1283
1372
12016
1144
12509
753
840
7926
7306
5800
18597
899
2996
1831
9758
2355
4711
17721
6630
2855
4749
19994
16680
10784
13106
19019
19407
8278
17566
17051
1851
16792
9285
19329
11650
13524
14843
13639
6304
9444
19248
6079
15479
7958
1913
4096
4530
18020
18067
4341
12685
18525
14602
17473
9025
10345
18556
250
7761
10600
710
12863
19838
14922
11466
17972
6927
17220
15512
7977
2828
9613
14320
13065
3699
2674
18803
12637
19618
15074
4195
9350
9126
9448
9434
17475
4010
1329
928
5070
16179
2083
13565
173
19041
6570
5606
6609
12801
14327
2766
11186
18818
6992
15034
12768
13810
3383
13081
16627
5977
12666
1158
753
7321
890
9459
10461
4991
6240
2594
11880
16495
13359
6053
15713
3814
810
19845
5279
12529
1575
11311
3001
734
13955
5688
147
3841
18316
10899
4595
11808
9273
745
78
12396
16195
8894
3813
10586
182
3587
12249
6238
5504
7301
3748
12268
15856
19218
12370
8645
11104
8089
16196
18574
16061
19679
6291
5034
6968
2133
7376
9526
16711
12539
502
17272
18905
6018
13166
8723
11667
18087
18531
1998
14166
3624
5024
13740
2779
12028
12219
11089
12971
14280
9491
1448
16031
17938
17792
10704
5544
8324
12473
18139
10150
17947
7099
13191
12836
15278
9831
3809
16452
16616
14045
3625
3086
15381
15506
2390
12957
12991
2206
2450
4665
18968
9954
12009
13391
420
16921
5555
16473
3766
8572
14944
16355
2020
6642
13115
14451
11346
10524
19499
4293
2995
16379
9880
16432
6765
15689
17339
3405
17188
11433
6372
6596
3265
11292
18381
123
910
11707
12961
6556
3612
17499
13005
1303
2569
15975
13342
9343
7170
2233
7943
2937
18041
12444
7642
13143
11302
5453
1938
19912
4676
16392
7671
8505
19650
9769
4692
11632
17287
15318
1700
17123
11851
6538
2696
17209
6959
13932
18917
5991
7364
17887
5193
403
1606
15003
9813
9046
5313
3047
5308
1321
5995
4625
15483
10029
12206
718
3182
10996
5202
3648
16389
11511
11103
3428
18695
9520
7765
1659
4947
17647
9421
13910
1792
4970
17379
6243
10254
19607
10086
15979
4864
2440
15500
7239
1781
19596
618
4136
7211
3964
3381
18340
10689
18837
19556
9865
16191
6795
7487
18282
11831
12512
2520
6374
17434
694
16287
12286
13050
581
12359
3583
11677
9645
2808
3326
6263
10331
7481
16482
11559
6713
1118
18872
17339
12157
17446
17777
5005
1150
8574
3519
7524
17485
8103
5508
10758
2179
4534
2506
7846
10756
7982
10258
15084
7826
8956
11664
12024
10950
16948
3648
14161
3711
15601
1931
19422
19591
19621
8344
7554
6296
6934
3039
15439
7394
9728
13505
4403
17327
13499
9237
5459
11865
5715
913
13702
16223
15235
285
1070
5247
9126
15981
8295
17225
11258
12797
10707
11206
3940
7641
5875
10968
2514
1278
18936
6090
1882
6412
537
5009
17862
19844
3876
13930
19125
5950
13524
16857
5360
6439
18036
6080
14963
3689
5537
19426
19625
12313
9227
17249
3230
6504
4783
8466
11804
16640
18671
19397
10953
17625
12743
5740
13152
2443
6463
4494
18969
1936
11912
8745
8024
15994
6723
4445
17195
7731
8452
206
19550
2405
18261
1389
15498
18455
10375
13789
18343
5025
9310
19528
14111
5073
12153
6876
13011
5799
4530
12861
19811
16274
11640
402
8116
8685
19671
11091
7501
11625
15611
1329
1953
1654
19239
16095
11159
17657
18769
8008
2590
2142
11010
14082
18296
7635
14813
19718
18348
9758
4181
2950
11475
8008
15618
17340
10085
1849
16357
4600
11050
12455
15166
3825
4437
11531
2937
13156
4329
6719
16619
16493
15746
16082
16603
10854
9926
15445
6382
9481
1488
12175
18117
19929
4411
6158
15450
19696
12302
15092
2778
3553
2292
19936
9660
19482
8123
7387
8675
18077
16416
3051
6868
4156
2441
1422
14395
13544
14440
2789
13955
1600
19491
11020
19571
11124
7412
17369
15872
1820
6864
18867
8473
731
10641
4006
10569
3667
4284
750
16509
4845
14748
2206
1886
13511
13556
6455
9066
10305
9551
15266
2850
12545
6368
1850
12462
12284
6203
8199
14098
6505
534
1770
5740
385
15936
10937
8482
3456
237
8732
6016
5913
2060
2371
753
17108
14308
6877
16144
3451
7562
4800
14352
4663
2491
7242
1929
3867
13451
223
18568
3707
909
17195
1864
1280
4001
1965
680
17848
18034
11436
14105
19248
12587
1675
5814
266
3353
3735
13249
15531
17270
11843
7996
12110
18530
763
15421
11094
17644
1587
5497
12727
6918
945
3924
6110
4490
12978
3299
16058
928
18604
6137
6022
10992
16941
1336
13086
9833
1307
195
4048
14565
3525
6851
10199
5331
7319
3055
13318
10951
13993
12813
15025
2584
3066
9636
19863
1851
4145
17734
19109
9011
16814
2266
12135
2643
18130
13260
15594
1667
10191
18544
11010
10150
18417
9182
7286
18245
6123
10763
5337
14336
8211
13161
3581
10988
16581
1813
10776
15670
8758
336
16161
17328
14753
9388
7446
1379
1625
12019
5080
17487
18512
15818
652
18438
5251
12561
360
12650
11036
4603
4322
1243
508
558
16130
17465
10944
19204
2875
14783
144
16710
16742
8592
14850
13406
16806
4609
11078
3101
18791
10676
2797
6398
4289
17929
7035
9729
18463
13276
5679
11638
18241
4675
8451
19296
3290
19649
7572
14245
12719
18760
3275
13225
4679
1136
600
16302
6362
13716
16349
16230
9173
16548
11042
1085
2425
11650
6380
17579
13961
8531
8168
3138
2404
4890
11940
19304
19964
1968
6249
11002
11318
19097
10094
9616
9018
4980
8634
18950
19227
13472
6951
18163
8126
3099
12214
15202
14954
4801
15985
11664
14447
956
8709
4013
10861
12052
7229
17663
10221
17081
13614
16171
7304
9098
3413
19206
7444
14019
14973
5375
1080
17951
14628
10503
3773
16767
9238
3448
8981
4167
4266
12917
7052
14935
8698
5085
138
16120
13991
18582
1340
10863
16759
11871
2851
9612
3032
16991
13804
17270
18318
14919
8776
18264
11598
13416
17329
12184
7546
7160
1038
18142
3934
17979
13123
10050
16939
12268
1371
10487
6769
5199
11656
4089
18854
10963
4702
5042
11146
482
2916
3475
2908
10079
1826
17337
10659
15085
1904
18511
15293
19182
15864
11571
14144
18013
13080
3023
16943
11704
12088
14621
15287
3609
3679
4142
4800
13573
17410
14021
16322
9668
116
16802
6860
3212
6834
13249
4110
9618
9899
5914
10031
7062
8544
80
12995
11584
11713
6220
18219
15745
5857
15988
3529
11006
9739
12524
4305
1836
11215
17679
10935
24
539
15779
8173
16671
11250
17914
2744
19977
7118
16987
17586
677
2886
3660
10262
3283
1618
17933
13361
8604
7095
6066
18792
4765
18986
7637
1586
2663
11801
17900
9250
17830
3112
3382
11514
16631
3047
8462
14995
18565
4427
19631
6578
1040
2882
15753
4540
8726
1259
15563
14403
19138
15873
4222
2959
15262
18172
10587
13390
15609
17249
12097
15158
19945
16248
19499
15895
17606
8782
1682
9307
5930
6663
6611
2855
8146
12724
11832
14686
640
702
11618
6370
3251
5844
16760
14017
5641
10571
6535
7156
14690
15685
11735
7636
7866
5131
1484
16527
14286
17272
1140
43
183
14074
19869
3212
17652
6000
10297
5550
14648
4536
17837
15626
13135
15853
17401
902
19714
12783
2592
17104
16485
5823
9671
13736
7329
630
2098
12960
5323
7699
2486
4101
2423
2693
6171
7675
6477
18113
4832
3184
16044
3837
4632
608
5769
19778
18785
8143
4505
13764
16641
13817
7497
15291
10566
3305
18857
1800
7953
4201
18515
981
5282
14290
209
3617
8666
12753
5410
17170
9908
19447
12405
16890
741
18351
16485
19380
5182
2822
6365
2408
10591
10571
4197
2425
4938
9178
8048
15457
8215
9745
10332
3308
19044
3315
9111
11676
13265
6814
18248
9158
16711
2043
14121
12158
12323
5921
3505
1983
19926
12114
13939
8361
610
14531
19563
4707
11056
18880
10041
16942
10287
6178
4812
741
18800
12603
11963
5421
2104
19771
15604
16420
16763
12926
19434
909
9065
12032
8666
5521
17348
70
678
6959
1490
15710
11098
9664
18200
16324
15560
16105
16781
13880
4871
7568
3190
14991
2312
1190
10292
8017
3790
8997
8871
12911
9154
5341
11609
14063
9361
20000
8474
17079
6257
1537
20000
7595
9538
3443
8780
13880
15030
3739
18592
14361
12195
18099
17666
6448
4915
7357
7318
13457
15459
5773
9678
2595
3432
4206
9494
19113
15579
3232
9960
716
4958
5796
18134
289
9336
18608
14655
10099
14375
19909
2516
10939
2801
20000
5040
138
8966
136
380
16200
12981
11220
16299
3924
5896
19776
6077
19699
4049
15274
2237
14947
9435
257
1406
11855
19942
10007
10578
5365
5270
239
13382
671
11161
12645
661
7011
15846
239
9162
7437
10859
1126
10886
17040
19256
7151
92
7131
3879
16648
11143
9264
16809
6578
2976
3391
14625
3760
16866
1900
437
16594
5322
6606
2079
497
6446
11902
19230
4507
4770
2265
2619
2552
3977
5712
1844
4518
11462
17431
1011
14141
12774
18025
11283
10751
4019
1688
14786
449
2160
10213
4511
2156
11845
15806
8464
7334
3953
12896
16739
8340
1570
2647
19888
8512
19565
5660
340
2639
15048
19997
14731
17201
15568
8851
4103
14635
14711
14298
7473
16222
1896
13546
3245
11360
16967
7686
7259
16591
3391
12447
3359
18425
3830
5188
14021
1049
4263
4115
1994
9803
8522
7749
15644
4217
5082
568
9451
6209
15291
5240
529
17902
14987
1320
2090
17014
18425
13233
1919
2623
6578
18948
3326
722
6362
7826
12743
7838
4828
13348
18782
19259
18838
18825
12885
9841
6983
1643
12070
13229
9656
1555
13799
7203
5292
10862
12502
5035
6623
19633
17378
9209
17559
17042
9673
3484
1766
13571
12359
14425
6557
17927
10365
15347
13164
6778
5795
2194
17356
13973
9608
1993
10141
6306
15617
7566
9813
17262
17079
17531
521
18024
567
18505
17711
7933
18637
13464
9513
12999
4357
1797
15073
14702
15591
2621
10065
9540
18826
18255
14063
13796
9772
324
4523
1104
9197
5161
19326
19585
15255
4245
19421
849
1162
2793
14544
9997
6845
15134
15859
1541
18338
8092
14696
4374
1744
5251
13747
19627
2984
9526
5901
16231
3867
12816
2716
1558
1557
10407
1164
6330
7870
12348
5732
9531
14293
5640
5862
9328
8251
10585
12334
12700
7876
11985
12879
9956
7739
5175
468
3821
11625
6737
6549
12811
1557
13089
15572
3091
7440
19960
15917
13633
8908
13911
17808
10810
11173
8046
17377
6334
3279
6103
19847
16574
18896
13631
4051
9034
11389
13880
43
11849
13670
4654
3992
3412
4415
12385
11798
13620
4350
18601
6075
8788
9605
3492
15026
1549
5039
10558
17399
7711
15990
13109
11586
6706
562
19404
10937
13345
16983
19734
10563
12922
7107
15017
15934
14274
7851
7091
19044
2354
15911
567
8751
7462
5158
16333
6928
17166
1651
14804
18335
11694
4276
10100
13807
17331
8969
1479
14181
4650
14872
15655
16353
19601
1081
1924
11224
6662
12254
14417
17706
3243
12311
14944
28
17211
15689
9595
14976
4212
15987
12888
6855
6646
16776
3576
745
10437
17034
12921
10271
12125
5482
462
8592
19025
15583
16426
10960
15661
3459
6995
17109
597
4563
11350
5588
16176
17543
12917
10034
975
16322
4818
17175
6209
15176
4170
12309
4865
1179
18024
18535
1552
13720
11702
15846
8929
18424
9038
9875
12529
17763
1741
9245
5867
8703
4775
15592
7862
5494
4610
6831
15601
2967
10228
4400
5130
3480
10665
16169
13832
8956
14301
3883
18501
15812
16413
10354
4674
15215
19599
6385
12745
9141
1229
12330
16895
17937
13297
13785
454
3606
6619
10953
5777
15006
9708
14057
11324
7001
5015
10474
12057
12944
14831
16666
8193
1265
16086
4197
86
6295
7254
9587
108
9242
11361
11903
2066
2272
13221
8987
4229
18930
10639
12075
3463
5857
4490
823
9181
8009
8156
9229
8081
12881
3255
8304
3525
9198
1578
17674
13703
15618
14676
3879
18283
12415
498
5433
13126
9579
14392
8911
13123
5292
19984
500
5715
9807
8631
12003
937
468
13258
10381
19054
9369
17249
4816
4569
5862
1050
19669
12869
4092
2991
17992
19478
19892
6602
4091
6430
8885
14145
14827
4687
9666
349
6019
9603
2535
9354
4722
8564
19373
2955
5044
11932
17509
16411
1783
13889
1986
1833
17177
16925
13525
1940
5396
15825
13855
2054
3115
13068
5678
17467
11050
2569
17689
5565
2129
19546
15143
1187
3888
18374
1016
14408
16285
16201
1325
11350
16444
2890
8960
15247
10548
12697
19542
11233
7022
16678
9678
5908
17333
7290
5952
17116
10337
18015
17761
5951
13632
12854
12773
11214
10119
18484
8430
3333
12430
10626
16275
6282
17800
3606
6450
18939
15278
5500
17882
19011
5493
12229
4945
10066
15746
219
8968
11324
845
17095
440
1460
9167
11318
2507
12401
13301
3184
7493
4066
19947
19262
11640
7886
6456
14818
2987
1644
2447
2023
10303
8582
13278
12279
4002
8332
18109
10237
15821
4854
14938
996
12825
774
15738
396
3553
5828
12444
9560
13345
16519
14604
6425
17508
5272
18257
11977
324
555
4337
16910
10735
6706
5724
2215
5494
13627
9393
17929
1333
6660
12572
14065
15421
2773
8198
3075
13199
411
15562
18419
10433
7095
16610
1912
17048
15767
6833
6626
5369
2991
6440
271
15658
14070
909
11988
5954
8929
6129
2010
13814
4755
60
6995
11165
11057
587
15901
10057
8864
7137
517
5188
10245
10113
6914
16564
7390
13185
7724
9923
20000
12012
17234
14854
19884
9553
6600
10199
965
11723
10059
2606
5853
14804
1692
3833
8702
6922
16423
17586
17012
14082
7822
4113
1881
8348
5982
2422
3680
13848
9571
3558
13101
9031
545
4657
10869
2119
18918
2610
7343
7175
3293
16014
7125
13602
9012
11056
12538
2060
16412
18750
8760
2670
14266
3283
18310
8728
16170
5901
12300
8747
19336
3990
5674
9261
5407
12506
4701
4073
19133
10224
408
3854
5564
13729
4541
13243
5566
6176
2917
12475
10307
4825
11802
6210
734
3131
14466
13542
14164
2807
5844
10361
14613
4523
13593
1328
16167
16429
2235
2305
10537
13422
16640
1358
14174
15734
19256
19263
8256
4828
18303
19341
10092
18984
491
13266
10858
3628
17601
319
3146
9182
14386
10837
15018
17335
12161
8519
17933
6912
17252
18379
4908
19513
14625
618
14152
5992
14476
1096
17051
11580
10129
17533
15195
18536
8450
17215
15114
7987
12869
5871
15585
7811
18296
11256
15604
13009
11290
5551
16919
1101
11673
15243
10224
5722
7700
18372
10425
14609
6720
12486
5937
10490
4694
18960
4596
16463
19424
16967
12232
14500
14305
9001
18613
12153
8816
10513
18263
18931
6070
14429
8272
5503
19507
14003
7338
17047
11451
10903
11839
18634
2184
17697
1581
787
16281
17478
3497
3394
3591
14523
11915
18885
8616
8532
10823
4962
17826
18956
19384
878
6968
886
16084
1804
4048
18549
735
11179
13005
16570
4441
2782
8292
4531
6143
1355
12078
6513
19642
9565
18570
9220
3487
7193
18434
17405
17620
10964
18251
3509
18944
2563
1829
2528
17843
16496
624
6915
4592
9622
9688
926
15919
3195
13225
15820
166
3850
4139
4785
13023
8155
8796
8993
14461
8576
15891
10354
17450
4744
11528
7208
14943
7074
16498
13112
14724
7709
8477
6561
5369
13708
16908
6378
691
6908
5802
3671
19515
12049
16963
19353
186
18319
19812
5421
3155
13006
11050
8234
7072
4179
9245
3453
6433
17017
16705
1787
16513
691
10696
17122
2785
14896
4037
19443
17216
14335
8578
17352
9075
16069
8355
4619
11698
3232
17354
3023
15537
11501
17168
7881
19680
3699
12199
17500
6825
19196
11454
8118
9369
6913
330
10337
13319
233
13948
18754
4921
1088
736
17648
4477
17204
12763
13579
19438
5118
12238
14882
11246
18137
2825
11003
19901
1651
15415
12271
2579
18201
7845
4811
12548
14836
7905
7997
4367
10071
11487
6084
4886
10912
8283
11584
17386
7905
12176
16541
1409
16752
3728
1896
13147
12760
4925
10295
1429
1609
9253
14445
11177
17705
17883
3861
4538
3808
1488
12788
17442
12558
19360
18883
18376
18119
14742
13917
552
9983
16767
15907
282
6536
7652
1173
9351
8076
11554
19956
12201
16714
18044
7010
593
7394
13556
18882
11399
18572
12023
5692
5047
1852
11331
18530
13963
9628
15368
8022
14358
10818
3159
19099
19761
7652
9032
10458
4317
8041
12242
19590
13220
6592
18895
4348
10711
18796
9329
14398
5118
5792
3398
12555
7713
11393
597
1661
3924
2699
18593
12495
1148
19666
11727
16242
18990
4634
491
8941
12965
13181
295
15545
605
5289
1159
11497
7724
15206
11050
2527
4302
13980
19407
1707
2925
3640
6565
876
5423
13721
12875
1696
7039
6261
19809
14606
2237
3069
16998
11909
318
15674
11631
9086
9563
15330
14922
10818
13368
9502
17953
11447
11353
4698
5561
1443
19150
14200
14212
4377
8203
15311
6899
10510
105
14771
7727
15753
17707
18523
17876
13398
14233
21
18379
10567
14599
19672
12366
6255
5652
4017
7426
18975
5866
5817
12379
5645
2395
13758
9851
5575
8600
13139
18683
7719
170
11756
5375
14189
19171
15089
5647
17976
10507
10061
10266
15950
8553
14795
9961
15073
3576
7385
2224
14554
19781
15379
9115
7061
10156
12846
11647
990
1344
4900
12815
12675
15882
16101
9279
16912
12030
11135
4318
11531
5971
10738
7969
12761
19508
7878
3514
12160
16165
4941
13367
1586
11242
17730
7950
19487
17552
17438
636
702
483
14402
3819
2667
19526
1583
4600
6937
14091
10557
6564
690
8301
13203
16770
5564
9681
17287
8846
10806
13538
3337
16936
5602
12219
1403
12526
7484
10741
18147
1714
8857
16360
8853
247
7225
14079
19522
18397
3601
1008
8864
3137
17738
12453
10794
12516
13122
15473
2954
6045
4562
127
14329
1989
2997
5103
3368
10624
18241
16970
12987
7009
13430
13150
9099
14131
10532
8333
1514
3903
19236
20000
2252
1958
14277
6451
8524
10520
13996
6336
16800
8266
14214
9086
799
9170
5504
5709
10749
15846
262
838
11430
15112
909
13569
17577
2055
50
9005
6725
10762
4470
17176
15496
3421
3220
10476
4995
603
5515
8385
17968
14218
10026
17195
17984
10592
4402
4452
12089
4345
19787
14230
2573
2721
848
1313
10356
2523
11467
12128
14187
5598
6887
411
11780
9493
17470
4643
18345
17535
16009
16725
322
6512
8943
12701
19640
12003
16544
17014
6486
6170
17299
18174
18768
4158
2715
10418
9197
8395
215
3617
13992
17046
14716
2854
11557
4480
10233
7855
10038
16346
9420
14191
7135
2434
11792
14039
2174
5392
13766
9612
13513
6729
11695
5806
15424
285
8754
14486
87
10001
4350
6319
12067
13292
19499
7918
14822
14502
16752
17712
1992
11523
11713
13502
11055
8380
1119
16748
5104
1225
18244
11814
2050
3660
6145
1815
555
3249
17390
119
15964
18009
1233
2754
731
14438
5656
17630
6166
11171
10014
7787
3687
14013
12755
5285
12359
10437
5941
15113
2721
14536
19826
12767
4882
551
834
6374
7398
8756
2984
9848
17767
17277
9105
6006
19376
18694
14340
14907
3562
16140
3577
2297
11850
16077
8175
4650
10011
1971
15871
5857
3286
6750
16699
7356
10622
16434
16295
8763
11351
15434
14898
18049
16187
17445
10604
5481
8144
9029
19541
10717
1773
14415
621
19926
11752
3894
14290
4416
11012
10860
10771
16941
18259
9385
16980
681
11572
16005
13482
352
13492
8513
15640
6807
10228
11305
8966
12820
5831
2320
19421
11384
6588
15407
5834
13612
3966
19045
17197
13848
15227
6849
4559
3963
9059
10964
310
670
3025
17237
13743
11874
192
9967
12056
3958
18450
18725
3746
13596
3864
687
16155
6870
7127
43
7342
6234
11968
13270
7858
15926
10899
15773
2882
18791
9639
8533
5892
18722
14889
14011
12433
9300
16378
10440
11036
15677
6316
19014
19200
16172
7897
18511
14768
17546
17238
13227
941
19613
19333
4555
11301
19062
18558
19501
1386
5150
15667
6286
5099
6506
18303
14072
1748
11924
1593
18636
18306
5347
8410
19397
541
10774
7218
13755
7679
13863
67
5293
12063
1384
18216
2365
4701
11550
13364
16906
14872
1416
8624
6745
3768
13154
19584
6900
5143
17506
17965
18245
16146
19370
6179
15274
4987
19555
10942
15187
8831
10329
5345
11460
102
18934
9650
18850
17769
17090
18493
19793
12811
4875
15640
16483
10397
14890
7683
8707
15534
5073
3631
13045
3476
2111
1631
6984
15940
7117
12316
13521
6582
2030
13069
13296
10541
7481
19042
8797
10946
16192
6512
19227
7621
425
19991
15774
4161
12421
17245
18560
16516
3376
3343
9094
18775
15684
4649
4808
11534
18926
687
6887
13702
17692
11324
4129
2709
10656
13146
6045
8256
2833
8121
11859
6281
8313
3317
11936
15063
7531
11033
16558
18662
12494
13900
6623
13375
5960
14780
12790
17804
10532
7202
5612
19899
3226
16040
7645
2659
234
2911
19626
17004
3062
479
7263
6194
19162
7018
5265
15690
13283
7066
3752
19107
19866
19686
18467
262
16841
14035
15281
1417
8691
16879
11779
12282
2705
10314
9053
3636
19518
12512
690
12971
13922
3435
3489
13609
2308
20000
14805
11865
14088
17976
11031
7545
3653
9396
2033
5818
18962
16037
2994
2922
10712
5212
3372
11991
16560
14756
11830
5986
685
20000
7723
11228
285
11100
19255
19670
13805
11090
15430
409
17503
18203
17792
1129
4148
4248
10537
8121
9055
1140
16496
12858
16895
5316
13952
10203
6866
13456
2239
4548
8707
19271
16859
5880
5759
2348
18107
11275
4482
11953
10803
18872
6522
19308
10509
10238
13666
16009
9106
4131
5145
3261
8312
3903
4092
9914
18711
231
12580
10841
10618
8820
1316
6909
6245
12763
4125
6526
10032
4501
5096
2125
7532
7523
12639
14913
2003
10623
5824
15724
14445
3482
7501
9479
18868
5634
4101
8672
19087
19313
8219
7939
12854
15621
9160
17422
5659
12502
777
4107
10330
10675
2301
12210
17748
12898
5027
8096
16085
9190
3924
15503
5093
18059
3059
11529
5458
12512
18451
8112
3112
14659
10931
19557
11252
1921
12757
17757
1748
13694
769
853
15169
1625
12715
9059
12781
4010
17619
3814
19977
25
17318
10789
4896
19585
11520
12709
13923
16242
18343
781
17842
19165
10575
1480
16517
18807
5698
9647
4550
12802
15266
18564
1503
9007
17391
1410
18306
9575
1921
8871
2829
14550
5834
16585
4167
17665
3632
931
15973
19791
18729
16667
7453
3995
15186
2696
9262
15625
2776
2674
5975
10118
16725
4172
485
7613
14709
10163
8146
10166
14818
17941
14874
13587
9231
4845
2206
17136
8810
12630
14379
10634
14965
9312
6094
19670
11106
7822
10210
18130
1562
16882
2270
11325
3630
12779
4487
8814
3896
12591
17647
16661
10393
8004
8310
18812
5035
19660
12459
2354
10437
17302
19310
13945
11968
1937
4986
7575
227
5231
18861
14310
6753
17878
17555
17598
10928
6040
14576
10795
316
6966
19574
7752
18666
8000
5449
7686
17729
4291
13551
16196
15459
6310
7844
17225
10964
95
3695
2291
7792
17991
7830
4377
7081
5780
19585
18358
12482
2943
8811
5700
3903
6586
17084
8581
10444
9138
4395
2365
2914
376
8101
1056
11713
10171
19196
14497
13095
13606
15395
2063
10554
16477
15739
4432
6817
7870
8547
19714
9333
5417
13777
14939
12045
16083
9556
19834
15881
6988
1126
15945
17466
4391
7293
9912
18969
4460
10613
10471
4311
12259
4879
7655
3550
13887
8379
19076
16777
14776
17856
2275
7425
15180
8939
5532
3643
7404
9455
5640
3255
10684
12672
7933
14693
19318
19672
13670
16536
11879
15131
10714
8131
18980
18952
11100
17852
2657
108
19824
19116
18810
12428
12536
11378
18863
8626
15033
19569
2261
2821
7774
5979
4554
4226
213
18702
12665
78
67
15224
10904
3290
11967
1873
11470
11560
19585
157
16710
18854
2794
1111
3705
14999
10467
13652
13257
16157
9237
14531
15888
17968
19940
928
809
19307
7555
3261
4407
8834
19188
16336
14249
7457
17458
11405
8784
16787
18678
14397
11825
19553
12254
8585
10596
18934
16532
17259
15430
15479
18299
13697
7508
10721
1386
8918
10150
16995
14350
2295
2182
18954
11060
16206
4601
1778
8295
4266
2511
7381
8130
5474
16093
7519
2451
9798
8977
8308
17008
7515
13394
15184
2763
15523
4728
5979
11552
13474
14031
13818
18091
5878
6186
3848
9300
17860
12335
8285
9079
2425
17569
526
11650
8404
3980
1543
16554
18967
17950
5962
8372
11887
16261
13868
8824
3272
11923
11844
10171
16645
9438
4732
4048
11654
9431
12424
13961
18440
6473
4849
5223
11127
8279
12965
796
2107
416
10483
12688
2478
7235
13966
19428
6073
14659
13189
4388
3966
17094
13865
17634
3991
15850
2717
4245
9787
3565
2206
19592
13914
2814
18192
254
9634
15919
16689
15030
2013
15010
15349
15214
1652
5937
18146
12665
2465
1169
15523
5985
16983
902
17086
6820
15971
19868
14832
9985
7105
17527
13920
5175
17873
9358
7779
3007
7803
3604
14199
6087
16639
5238
56
15038
3466
9451
17125
19467
7332
1095
2844
5454
3220
18647
8163
11660
5482
16910
15816
7042
9213
9886
15950
5138
8614
3582
18521
9403
2903
10867
17813
18488
19471
10973
11810
19139
4894
13122
7898
17251
13285
5108
16309
5126
10663
4029
12665
15876
3317
18966
17754
3177
18545
471
15034
14228
8138
7541
5935
1714
458
6378
13381
12785
14857
10104
4970
19168
5013
5797
8137
3766
183
15368
17316
5203
16957
3199
15856
10668
762
9536
8003
3985
579
13842
5443
1566
15402
13431
19538
127
4399
4806
5606
6348
19198
8830
15989
10903
4187
16438
6594
15014
10998
9783
1804
3739
9703
16735
11282
5432
18889
3822
5385
3723
9530
14433
15231
6378
12271
6941
10718
1545
4297
7826
12581
8109
1640
19954
20000
3178
18849
16652
558
597
11895
6567
14678
4526
8332
10067
20000
9388
12288
10656
8875
9409
4381
14385
1941
9971
15581
9367
11531
1784
17473
2457
4296
12620
3264
16032
5079
19605
6060
6396
9021
6761
16293
3491
17344
5219
2613
16342
1877
19562
8321
18611
7132
15003
12009
5108
12583
13685
6934
4575
9328
9158
14858
10312
7719
8248
18515
1396
6140
11022
16684
507
17944
7380
19094
19686
3693
18122
16051
15523
8592
3619
5509
13663
18156
1830
905
13156
8923
13667
12080
9747
16862
15549
1549
16950
2157
12739
12303
11165
11776
18046
16132
9310
8642
20000
18222
2009
3581
15731
9440
11050
7432
19796
8419
11357
12472
12138
13039
8488
9821
2279
18447
3120
1300
8323
3532
368
718
8401
13976
11072
15607
17697
10146
3995
2868
1509
8446
8072
5350
15652
1615
1784
8991
18718
14415
18276
18604
9664
18126
548
17180
10330
11045
14185
34
5001
11959
9919
19233
12512
2554
3914
16878
10792
2807
13329
18896
6709
6533
4978
1805
1042
10621
19002
101
643
6041
3822
18908
2561
10623
17642
7253
18074
7061
12031
17961
9805
11546
14773
15118
6033
11940
15239
5512
2170
20000
6210
5559
2837
7276
5520
6495
15966
18306
10091
3234
3771
17870
3087
2203
16113
16371
9510
11780
1575
13375
2682
2256
18505
11220
4701
2931
13827
4715
16709
10242
10265
14673
8675
4048
710
12563
17053
2146
16151
415
2339
9061
11684
1946
15055
3783
18340
13414
2545
14044
14152
2198
9902
1428
6962
6535
7166
1978
18196
5728
17656
13082
5576
10038
11768
7599
1684
2941
4868
2398
11727
13320
14547
18651
13840
15509
18290
19559
18196
16018
7819
19277
17742
11508
9186
3777
9526
16257
5954
6299
978
2121
11262
17897
9724
3017
18181
13005
10152
833
2517
11505
1250
15430
13667
19281
19058
10110
7776
6733
17102
9151
16783
1462
3720
8196
18227
7138
18739
19460
19161
2577
14569
7972
13468
13093
3222
18033
6404
10456
10581
19155
5740
15915
2532
10982
18065
4386
14331
19338
8054
17849
18670
6502
6748
13524
14902
5012
5933
14421
2847
6890
8543
18878
17097
733
2418
2677
8144
8119
19851
16027
5580
9016
14061
15308
12171
12255
15966
5751
7766
7038
6106
11576
11732
4191
5463
2504
6211
19564
8152
4245
10768
13567
7814
16906
11819
19768
17224
6200
15371
2075
18262
3542
16487
4864
3135
14887
1199
10498
6476
14193
13871
8027
7945
1573
10684
6803
14356
6883
18755
2793
3466
19463
18224
1682
4139
5531
632
15398
16625
9006
13670
19337
15164
13086
9469
3843
7985
19589
4540
1020
7568
4667
16440
4156
10832
16073
19711
11143
15388
4056
2375
12505
5548
13221
17997
12880
16266
12616
8622
752
9123
17877
1452
260
12812
16303
19971
9513
2705
6790
3598
15867
17055
13038
2782
2401
19950
19050
11883
13368
3921
10517
12844
15845
19240
13025
10278
14699
15235
12946
13941
16491
6499
15419
19994
10672
7740
4220
8329
3211
9246
4466
17415
2436
16571
11560
364
8539
15943
2198
15523
14170
6741
10301
6786
11370
19424
16879
14761
18241
8658
10632
318
6586
10534
275
4298
18942
10371
16151
72
16970
914
15153
12293
589
1789
11322
453
1263
6031
3471
12722
7168
12658
16505
10639
1648
15982
6971
6596
14581
11198
1361
9933
16345
12675
11265
11512
2592
1622
7454
12198
18366
18062
1046
14371
4781
20000
7275
7628
6699
16381
7191
16850
5568
17326
13899
15967
1975
4766
1961
2330
18471
14674
13282
279
6647
14478
9174
17659
13690
5796
18688
17562
18806
16869
6932
4017
7348
16262
13806
19312
13149
2187
4680
5888
714
5925
19399
12151
15011
17927
4019
10168
16664
14459
17446
16222
14071
11426
4181
1160
12987
13930
7118
19221
6365
18256
12332
18982
3321
3651
9316
2039
10041
16146
17922
3874
7609
9221
18040
17395
18141
7792
19764
15146
18821
16248
17072
9053
12190
17810
3609
15943
13291
6373
14790
19070
11684
2393
16796
1500
12761
584
17659
17616
12495
4267
4789
5774
372
992
6552
16745
1860
19920
1519
17333
99
506
6800
7078
18360
16849
8228
427
2431
15251
6669
1534
9947
19866
16362
1505
11009
8739
3146
15005
3565
13516
10629
16266
14242
14958
210
13060
17106
19754
7583
17291
19558
4670
18071
6235
8444
12755
9745
7271
735
17362
6860
12207
3085
809
2076
13734
16244
10019
12781
9302
16271
2197
6546
771
7154
3474
1169
9011
9894
1467
17037
16002
16706
10336
16443
18093
3871
11407
1143
5379
648
10168
16747
76
9951
10833
13497
12595
5809
3546
10665
18568
3681
7744
9854
9173
14350
10070
15302
14208
1538
1809
9794
342
13152
3553
13617
8181
17030
14667
10067
18776
16351
17060
17648
9150
18190
5964
17427
6207
610
10505
8836
8175
8398
4353
389
3951
15302
6601
14713
8672
8087
8443
9679
14903
4585
1653
1076
2663
11294
9235
9071
19648
18024
6261
922
3678
10261
5850
13842
9091
9283
8631
9623
15292
3476
12187
19225
14514
1469
10995
18756
19958
8849
19201
18388
14988
11545
10860
6056
5320
12552
16601
4191
4779
7140
8878
9039
3440
11158
9331
14273
10850
4508
11472
15464
2817
11758
1762
3391
16606
1668
9416
18740
18736
11443
19457
7458
3345
17423
5186
9323
4280
17887
1773
8497
16032
8458
765
9319
13327
12222
5664
18811
8853
7587
16548
7814
8304
1565
7395
1418
12830
8417
17390
14239
14029
18513
3660
7881
2197
15989
4135
17348
16784
1670
16548
14997
1030
10985
13893
14157
8524
8146
7113
16453
11111
10815
7223
11738
16178
4832
9891
12030
16440
4145
181
6062
201
18104
10413
17605
16796
3150
120
18174
1206
675
13289
4588
11833
13359
10075
9599
9630
3844
17340
7024
16680
14177
9993
6235
5648
15295
11817
1161
9717
12042
1475
15833
6489
12024
11409
16290
12906
14144
3804
1664
10517
3295
4186
3429
9804
14730
5088
1458
2331
218
10023
19209
8223
1074
16523
3287
1023
13959
15000
18446
12949
4236
15132
18714
3669
8120
8116
4835
5946
16054
4320
9168
6674
13488
15358
15146
13478
12466
3078
8327
16470
2927
14534
4100
1383
8413
5248
17401
1549
18184
15022
12930
15676
14404
18878
7528
12612
16908
7325
18224
10551
5014
1873
10252
3004
5585
17815
3653
5170
6323
14757
12500
14867
513
2740
2178
10251
10445
1049
18425
1192
7046
19930
17462
2877
10224
11396
3973
1639
13429
9730
3445
8103
8917
17650
9109
13842
12916
8167
4616
12335
10544
19350
11139
9580
7310
15988
1409
4790
8336
18245
18495
4854
19751
11418
1213
12932
2073
19243
2381
14895
9278
9290
1846
2164
6458
12150
14730
15454
17142
10532
4100
4430
8139
2286
1043
3380
454
8810
2316
15757
16810
3984
15305
6276
11491
10104
17160
14321
4652
12990
18159
7741
9406
2740
18077
7011
17100
12266
1104
15807
2287
18623
6061
6119
17696
8091
9577
9928
2762
13160
3644
18220
11786
5413
12052
19082
14509
8810
16228
16860
16700
3800
17455
5872
8775
2558
3983
5897
10385
14547
2313
14412
18803
11301
13209
9693
14382
14908
11697
17061
3931
9380
4158
17426
7358
4904
1657
9626
13812
11279
3924
11411
357
6799
4538
9876
15430
8331
12915
18708
2423
10054
16022
18718
7246
13175
7608
17697
119
19023
11564
10813
16643
12475
13208
9755
4613
12833
346
877
15125
14800
17225
4701
14898
14462
16005
12419
433
996
10187
17373
13830
8317
393
9523
12886
10194
9721
4665
5341
7703
9688
19660
9827
124
12282
18721
5516
1982
14460
4912
11026
3192
15384
821
6684
3315
2382
14270
15218
11968
6574
4325
5364
6530
16414
8130
8031
11280
1231
10653
2076
18687
5774
19615
3163
3625
9526
14285
1278
8256
17684
17127
3756
7344
8170
8628
6276
19950
19089
17232
14124
14892
1034
1455
16540
17890
19074
15783
327
15128
8332
270
4752
7811
19950
2454
19391
18316
8652
15565
14948
4199
4854
19670
1266
15768
5534
15230
17994
10237
16540
5866
15926
4458
7783
896
10920
1098
15957
10725
2881
10668
10587
13017
12713
2489
13026
11851
1770
5116
9428
10476
795
6812
15485
4011
2890
14313
10194
16801
13761
4458
2313
12748
16674
2787
3265
11366
9227
11266
15368
3011
11687
2246
16664
12621
731
11728
2676
10750
2098
5066
15539
2412
7281
10097
17153
2563
4809
5453
17355
2733
12488
1651
14735
8897
7419
3311
6618
2864
243
1177
3721
564
5164
11902
5842
5022
2746
3693
11183
15604
8451
6521
19637
3876
16101
19069
2686
4838
11953
10297
16050
10053
15334
10350
3947
3199
16609
2938
15763
11896
10983
2341
9741
4689
3452
15520
11077
13999
4694
10522
11169
19745
18303
291
18854
9441
10090
18393
3957
14053
560
2593
18540
2789
18658
178
11713
4715
11398
10075
2462
19192
17833
3514
7430
20000
12391
14681
2877
1108
2537
14324
13324
1950
18706
14024
1634
5207
12060
506
858
11510
7785
6904
8610
18340
14197
5585
18750
12661
8544
2135
12804
2815
8421
3959
8203
18840
8718
2542
1183
2039
8429
12408
15197
19400
2532
10607
16146
6399
18239
10727
8606
18311
18035
2935
9498
10138
14030
9964
15363
10970
2602
2151
6696
4140
7828
12701
16485
13402
8351
18655
13824
14474
12019
3596
19078
9334
16010
19376
6633
11066
15746
4939
14520
4574
691
10218
15859
710
14926
18515
18576
3756
5680
10910
15630
14595
15966
3991
106
8007
11891
1142
3805
1910
5219
9844
8607
7217
4307
15728
16135
4215
13410
4040
10222
19129
10645
4420
4122
18834
16718
7405
15173
19586
1129
12023
18790
19682
10217
17034
4796
3954
6875
16194
19722
6716
8162
18609
16833
10114
462
14906
14369
3299
8477
138
10139
9421
5061
8454
7015
15698
8230
17331
1367
7658
18895
16041
2115
17611
15653
3015
13563
12225
5148
10143
16024
14455
11447
11968
15878
354
12084
7158
5971
2706
11696
16375
16482
1230
14961
580
7609
3230
6002
14094
4682
13720
17481
16872
3315
3596
17229
20000
14724
11608
7600
6699
6318
3824
17904
14328
6007
5356
16694
14818
17323
4080
8332
10479
16151
15077
18166
12308
18505
432
12770
13746
19498
16319
7352
5719
15489
9138
6790
5458
2248
10762
12035
15108
2341
1613
2540
1294
19035
17019
8592
5399
8406
15895
15335
6235
3436
7185
18614
18764
1776
6267
11877
7324
10639
19799
12626
14118
8133
16810
4494
6428
19662
16050
18332
34
15186
13443
18168
19118
5882
4490
308
4974
19999
9776
14591
7146
11851
12622
8921
7097
7368
16483
3565
16331
3963
8638
16267
6791
18924
399
12140
6093
10160
11612
8726
861
1213
16695
8042
17130
19936
5967
15871
17524
15689
13246
19533
1590
1659
4255
2817
1275
20000
19530
7660
11285
11677
19791
16713
3496
7097
7604
9016
8704
17890
8262
4640
5269
10465
6024
149
16183
8482
10041
18456
13348
198
12412
8441
1738
813
12227
1434
13986
2754
6897
3583
7836
11628
17924
6154
5139
18930
12894
18597
15646
5753
116
3685
17541
1825
19744
4073
4370
16530
19188
13499
10339
13870
12344
3899
2615
15847
16625
6518
14979
18685
15793
3425
14333
17955
6867
5670
4740
614
4954
6285
14494
1166
7690
5327
18007
19905
20000
1514
12042
13020
12118
19659
9816
964
9224
5489
4054
15706
6210
18256
8351
12649
7900
5525
6692
10959
6842
3631
11631
10419
12842
14908
12556
1172
19859
1644
3121
4318
13766
2152
16409
3362
16315
15021
9041
13810
9409
13715
11163
13850
18858
869
893
12442
19795
8889
9862
19272
10839
12497
10134
4750
7026
8741
19003
2259
10517
8470
8246
838
8881
13325
2786
1347
19363
162
7907
2581
8449
6927
13204
12808
14522
14482
7646
4034
5080
18709
12479
1196
12933
3817
19463
16288
15376
6435
13812
8034
16915
17983
18778
2283
4884
3454
13439
1830
10668
1209
9906
9464
11155
16426
19809
7665
15774
17488
18935
9166
14917
4136
14184
553
16974
706
9809
757
3463
11957
2287
16049
18085
1749
4156
9794
10742
8717
17643
7002
16102
2397
11899
8038
19115
17894
15136
11340
1622
8628
14643
17594
8427
5957
12193
17708
12121
14557
9581
19973
9548
17678
16702
10679
11073
17202
2063
2271
17435
18184
7691
13333
5829
19028
2475
5469
11437
18459
10970
12254
12106
16124
2567
19703
13672
12893
2237
13820
13061
17732
2139
8517
9506
17513
5119
5808
6257
15932
16676
18769
17218
2896
1566
1099
4291
5917
127
6357
5476
6084
16684
9751
10229
5090
4045
12985
10203
16352
14685
6672
7038
2605
17164
12704
2543
19775
11983
10800
16229
1313
15542
6702
12216
2994
20000
9426
18280
3295
2186
16530
18241
5437
110
18236
17910
7005
18481
13771
12722
3229
12131
14342
19816
14048
8776
6288
5847
5763
7235
7049
16521
5484
1004
10127
19376
6373
15033
14100
2865
3885
11190
2386
16093
17557
11138
984
9326
16821
1197
13725
933
13658
6339
18643
12093
15162
20000
2779
9485
1730
13840
17639
7227
5684
1439
15614
2261
6027
17753
7232
13167
17634
9462
3539
13043
10505
4025
15465
3501
11351
9396
19830
14477
886
4032
10708
1014
3664
15680
15448
19657
17456
3290
2586
7505
6637
18998
16941
8810
7807
12275
10632
17957
2787
15524
19727
18313
8731
1470
12217
5787
10826
4118
3334
2166
10297
19421
18621
12711
14174
19736
11044
1945
13426
1426
7359
15134
2197
16224
4115
6303
6279
18690
3147
20000
6222
19285
8369
10305
6633
11744
10007
1919
10443
9372
4063
8508
3460
14851
11402
9555
5068
17717
7249
16111
5613
4792
4743
10917
3841
5136
18568
11691
15003
16540
3356
11010
16455
3906
12691
6759
14584
17790
1679
5459
3204
594
16035
13445
1566
17520
2857
6400
5073
11510
9933
13697
19671
3611
3300
10954
1252
9444
8788
15450
12828
5948
14317
2450
18078
11040
17582
13193
6680
10121
15404
12903
6341
18674
15048
12645
5661
8298
15288
5543
9401
9990
1529
7422
13420
17008
5550
735
8800
8527
15258
13767
1851
13098
12179
7517
18354
10964
5540
5696
13542
738
12240
13356
918
2897
8683
3554
1679
11050
10224
13280
1217
7042
4248
7772
16073
7027
16116
17344
16625
2397
11382
19031
19492
19578
15563
1271
9090
17752
9518
11087
1778
8191
19999
5545
1738
1203
4847
8064
349
18272
10430
2969
3800
17192
9134
6824
10786
11698
17383
4719
17022
18991
18271
7402
3051
15073
1968
18171
5997
17697
9347
16206
10015
4261
12850
4802
18630
5227
16978
6454
12614
14599
13678
10414
16212
16926
8058
3105
10849
13258
9147
11116
8060
13453
19440
15298
18383
4919
3039
4555
7890
13599
13632
10892
13655
12733
2742
1308
10780
4841
9712
1683
1750
16959
12727
14454
9349
7963
8150
12150
10611
6650
11229
1777
10354
4097
19837
5598
17216
17040
6134
11385
11346
17673
6313
1374
13859
9438
6099
10316
12726
14305
12968
759
15557
10860
1984
6897
712
9070
9273
1340
19096
9230
3053
16235
18405
15520
18184
15495
12894
6372
1006
1155
8867
17629
5275
16397
11869
2652
19687
9119
10291
12812
18299
16787
3879
3800
19387
7278
12098
398
12759
2427
1515
2911
16456
19100
5261
14114
4037
12379
14569
984
7408
13379
17675
16050
931
4104
4018
12649
13452
7550
9699
19500
9489
3826
6677
14007
15139
7162
15724
11735
12604
11730
8355
13743
2246
5354
2400
15464
19822
18876
19063
6459
14530
13773
15491
2464
4681
12887
10610
266
9612
15438
5787
5187
13307
11280
19832
8390
8484
17182
3535
7120
16524
3423
972
7361
13775
11188
1108
8733
3572
54
3687
18133
14236
6991
9915
13136
7428
18474
13980
15067
9514
11028
9167
16721
18878
3664
10566
9365
17336
15426
19443
10363
17025
12089
17786
15193
7607
4504
16936
18926
3288
15948
15490
18979
1384
19844
19228
2520
7434
1667
12879
15634
16328
11329
15971
12435
14046
5123
13582
9239
9210
18053
16729
19210
16478
19453
5696
12564
15553
6694
2753
14019
13025
17228
13326
6803
14615
18806
7106
576
1531
6070
16127
9485
12121
17773
7882
7219
8553
15666
11877
10123
2479
5196
10585
13218
11984
17619
13708
1124
8808
8773
19757
14520
17113
12471
11719
17402
18699
6105
13859
15150
19407
13352
11971
13938
15095
572
2897
10038
19875
16659
6510
278
3910
6657
4687
2565
9459
16783
16789
13550
11134
6850
16957
13781
5044
13171
4265
13854
302
10642
19567
15945
16622
16660
8376
3174
19570
13517
17708
8334
13635
2920
17790
15872
3764
7992
18267
14030
12836
18842
6397
8497
1000
12475
6774
3201
6012
13076
14860
16400
2807
5706
18101
4456
16351
12955
13907
10378
6451
6757
5584
5857
16893
5702
4582
14252
16963
14262
3339
1147
6827
8901
4726
328
1904
18804
18415
8662
9145
15330
13642
3080
8359
12439
18120
17133
8995
1585
8914
9466
10829
15743
11065
19429
3674
6915
11602
6114
12044
10048
1076
6563
430
2229
1773
6162
13398
16929
14646
9300
2372
13103
16858
13461
1040
829
124
13873
5997
12376
5438
11000
174
7070
5529
6147
14254
13926
5871
3405
6415
15570
8834
14930
11207
9941
16505
14639
861
11174
14870
4023
12399
18851
5763
17100
11994
533
14569
6974
10080
9827
4649
18586
6317
12580
12254
14346
7956
8914
10729
2096
12885
6768
11510
3260
17234
19294
16725
11016
3695
6347
3495
11307
19582
5359
9416
1073
11374
3707
444
2785
3793
714
3249
11111
18792
14590
1792
2243
3328
11158
17630
13985
12996
10319
14347
15961
9252
7756
17061
5096
876
3199
7518
3061
7386
5967
18817
17844
7947
19654
2026
17281
16508
12842
18629
13337
6683
18232
14102
11388
15846
10863
963
7625
1596
4737
4424
16251
12151
12736
9622
19152
7922
19734
18602
15664
3510
1155
3858
2990
12353
7581
11535
17243
9671
13730
17145
6772
16647
7847
8803
12291
14982
4237
19092
5590
12612
655
6594
18508
2209
14821
18830
18613
10649
2098
132
5338
14012
9734
5645
6190
17301
5943
8501
3473
8585
6370
6465
8913
1986
18330
1893
19675
19785
14864
17744
828
7217
17951
13883
18773
14756
16898
16156
18844
129
7914
5745
16655
19304
3139
3155
6227
4932
6209
16290
10221
1783
8904
15934
449
19322
2147
11798
2635
1633
6469
9077
3108
2334
16708
19660
4335
2099
14795
2225
18950
699
13792
9468
5617
19349
7196
8806
3610
12751
15046
96
12475
4060
13825
2286
13201
9941
5619
12691
3073
302
8932
7052
15046
6373
9426
11795
11710
14445
2526
7765
13546
9579
3469
14619
531
16196
73
4565
253
10084
8226
1982
5162
13285
7031
3522
2176
5175
2013
13371
3142
3877
5939
14517
3612
4233
17360
11836
12733
18477
11595
17591
5494
7357
3561
12894
2303
17282
4943
5268
7996
1700
12073
19336
628
11208
12550
12297
702
15257
450
16216
18897
6423
151
4822
8695
3422
19411
11567
1497
3349
13213
1026
1152
9064
10867
4935
14463
1549
18630
629
7668
14275
3214
12866
3187
17297
6188
17704
12873
10138
5756
4186
16313
18976
5430
1889
8654
10409
3732
19958
15023
2676
19187
11884
17685
12700
8649
9384
13985
10679
9862
14720
7859
16239
3417
1122
13758
3035
16407
1797
1494
12163
17397
12568
19707
15360
671
14525
19776
10615
8806
1481
7816
14884
5880
12731
13708
5346
6151
14689
12144
5054
13700
11741
19594
19904
5013
17341
7967
18967
19877
13888
17126
4573
7178
8019
1133
5656
3861
7769
4070
1037
17492
17301
11833
9790
12256
13057
30
13895
5251
5065
8490
902
6359
9376
17399
12263
14135
9415
4510
15178
14296
16597
6904
281
9813
17621
1398
12966
9130
17783
10399
2758
8767
5079
12577
6024
8962
8267
872
2442
17665
4821
18208
18639
9397
6272
9170
16637
14862
11998
64
13820
9585
12669
19995
15637
15101
15415
18972
12470
18429
1933
12011
8953
154
19924
1758
13792
5156
2501
1377
14323
16849
14307
11333
12903
8182
15411
11678
19393
15607
14290
19723
12412
12259
10196
8572
3268
5628
5388
17822
893
12102
16783
4202
19886
1832
11580
5740
6891
18081
4522
14929
5929
19801
15477
15798
9803
7663
15472
19289
5984
877
15717
5327
10978
8309
19693
6787
13330
1915
9951
16743
7779
2146
464
13258
9232
18650
8189
11052
424
12686
6485
4773
11050
3936
14728
9937
522
10044
3095
939
721
8588
5637
14482
1945
7110
2201
16242
18994
16679
13530
1688
7706
15229
7999
17706
5858
15887
8365
17541
15344
10323
19739
1847
2804
2416
9766
5031
6174
3717
9432
16612
19431
7662
3364
7471
14113
15335
6621
7922
11527
17683
18777
7634
9850
17496
18411
19060
1867
16257
1739
7202
5453
7205
13919
4661
4571
14043
18228
17715
14741
7648
15915
8369
18715
10389
7790
17573
5768
3117
15763
9858
10325
17988
9964
7183
12643
13586
1400
970
18858
3893
882
10507
8792
5961
19318
1910
4321
18078
10146
5261
10427
4122
5630
5210
2431
41
2282
6908
511
15366
11422
843
3459
15379
3202
9409
13236
17623
12063
14027
12341
14558
7591
2473
8437
12246
4784
18053
8722
8473
20000
8870
14912
19023
11464
11518
208
5492
2963
11525
19044
10212
11927
8834
1978
17458
15326
2861
9690
13128
5925
6664
2749
8736
19320
12763
7737
9980
9340
3207
17129
4448
5462
8266
11682
15702
4807
3796
10336
2627
3474
13120
1224
15042
1475
10240
4332
17192
18493
8058
13118
1452
19571
17578
19937
15201
7554
3497
2746
3028
16155
14793
9564
15954
8355
13988
16802
19028
17157
8792
1817
12941
3995
12678
2102
2035
19366
7757
19571
17940
18186
2987
12119
5818
5344
11821
1129
6182
15186
7536
2460
1997
3152
8597
15998
2780
12669
19754
15564
5617
14413
5446
14847
12654
10131
18589
7962
453
1142
4473
19679
12045
19854
2057
14404
4991
11448
301
5793
10557
6084
17321
7474
11458
5912
8984
1462
2011
12136
16209
14839
18408
19958
19046
13532
11061
18417
3772
12736
16068
19813
974
2734
5241
10835
18028
14619
17271
1628
868
9643
6879
3516
16825
18363
11363
15728
13099
15011
5257
10440
14362
9255
15790
7537
304
17400
8464
11479
11974
3933
4468
9802
5126
6808
6953
6436
11792
10369
18515
8237
14433
3997
5813
3777
19939
9696
7060
6890
8554
9908
9788
13439
16368
13072
6856
13720
15772
17228
11159
17548
12867
12900
13139
2742
15337
14861
16092
19615
5773
11342
3524
18385
6215
14939
1412
13903
18056
3252
12717
15163
4705
19551
5371
4773
9103
10309
15588
11485
19537
3166
658
13258
7433
12490
17897
1466
14346
952
8107
7254
8162
15759
12784
2020
16497
5880
3170
8728
1462
1417
16148
13435
17595
12755
20000
5167
3387
7554
11931
18773
9289
91
1114
16338
17972
1308
9807
905
11952
12634
17139
1291
14801
18518
16670
2744
4626
8418
2212
3753
18850
946
6156
19611
318
14050
11901
551
4165
15802
14525
8680
16653
19002
5171
12720
18423
9414
12089
6683
15990
2065
9882
5766
19795
5481
2313
18303
15071
16249
16023
6780
15412
11991
6115
12372
8878
17796
404
15450
19733
15984
19586
13066
1703
3745
8827
12033
17538
7258
15190
18515
19729
19822
5440
14610
11640
16242
10224
17185
2811
8387
13666
12382
601
4464
9696
682
12554
12600
18417
10924
19345
8842
14437
14744
19648
5215
13214
9827
1309
1436
19933
8407
9595
16587
8669
19377
3842
4888
11542
9201
12599
19432
17076
6235
11747
10331
11345
7936
2001
6286
2425
7579
7867
15841
12007
5792
1468
7205
18017
12947
17205
11236
4586
9266
10970
1512
17864
14643
14149
3583
15838
14490
5736
10316
6354
14459
16829
19741
2689
12776
2838
16047
10560
4118
6263
19967
5904
16940
16203
15701
16835
11899
9124
15809
3568
10672
2651
19146
18846
2815
665
6097
1667
6131
3841
4746
4998
3557
8516
13223
3690
236
5756
14222
2303
19389
5598
18244
13135
1725
136
5939
8000
7873
11643
18881
11191
7369
11564
6457
8822
16467
4711
10691
18323
6093
4131
19300
1718
13751
1189
3810
8949
17669
3303
11337
15620
18594
270
16686
18913
11488
7259
9027
9872
5033
14718
8210
12213
7056
16363
12003
8751
8098
19251
11205
2323
7499
19369
9841
12248
16071
3520
4998
10499
12339
108
5639
9305
7465
7385
6000
1336
11392
8914
19097
10150
2906
190
3201
9094
6874
7510
7389
14478
6419
6093
19247
7467
10229
15814
487
7150
5254
12512
8158
13330
8574
14817
2173
5026
13178
5571
17028
14706
8130
2042
158
1474
12068
4159
14883
19912
6618
4762
10762
1351
2018
11107
3969
15105
6668
19298
14527
10494
7457
2377
12565
5112
17589
11065
11762
15470
19867
17054
11258
4436
12451
17919
14971
13560
4017
13251
11534
2498
10946
805
9824
13494
8485
4501
10423
17884
9050
17839
19121
1269
1726
10031
8862
16818
10732
4966
5058
11480
18956
2984
9931
3781
5088
1961
17961
4227
11314
11227
11212
3330
7063
14845
4928
4950
4229
8949
7842
12624
14154
1857
18287
19752
3926
16109
19548
19397
13705
1730
10797
482
12349
15274
13315
2396
20000
16902
12520
11024
4386
2337
3238
4239
17307
6049
3043
5300
1942
4798
19192
15729
11422
3892
13812
11905
11150
8567
6686
18443
4363
2192
13623
19842
14550
13034
8185
8594
3727
8834
10956
744
2078
14366
10159
12022
9716
17606
8206
10557
19175
18
