577 628
5189
5156
5166
5174
5162
5170
5153
5173
5154
5165
5178
5156
5181
5188
5189
5167
5166
5158
5187
5171
5189
5151
5174
5154
5164
5169
5190
5178
5173
5168
5166
5162
5172
5161
5182
5161
5168
5181
5150
5190
5154
5164
5153
5169
5178
5164
5158
5166
5156
5159
5189
5156
5155
5154
5183
5177
5152
5182
5151
5187
5164
5157
5180
5182
5158
5176
5185
5190
5176
5156
5189
5167
5183
5166
5155
5165
5159
5183
5177
5162
5167
5175
5189
5160
5168
5165
5179
5174
5176
5179
5165
5182
5178
5167
5189
5164
5184
5182
5155
5189
5156
5168
5173
5170
5154
5184
5160
5183
5190
5182
5167
5188
5150
5183
5173
5177
5186
5185
5177
5182
5160
5160
5187
5159
5168
5165
5153
5167
5188
5181
5179
5164
5161
5179
5175
5170
5150
5162
5177
5184
5172
5169
5173
5176
5153
5184
5169
5172
5183
5165
5182
5160
5175
5184
5186
5187
5157
5169
5167
5182
5175
5167
5154
5182
5164
5173
5188
5153
5168
5174
5157
5186
5164
5183
5156
5181
5155
5176
5166
5153
5158
5153
5155
5164
5157
5157
5184
5184
5190
5169
5152
5163
5186
5187
5161
5157
5165
5176
5151
5153
5187
5154
5153
5187
5186
5182
5167
5184
5166
5183
5169
5185
5173
5161
5170
5181
5165
5160
5153
5182
5183
5173
5152
5173
5177
5152
5156
5174
5165
5177
5167
5159
5155
5170
5150
5167
5156
5173
5167
5150
5167
5190
5156
5184
5165
5172
5189
5158
5150
5156
5167
5156
5150
5190
5188
5152
5178
5186
5173
5162
5152
5150
5185
5183
5188
5190
5156
5180
5155
5181
5170
5188
5189
5189
5184
5187
5162
5173
5150
5160
5178
5159
5164
5162
5152
5180
5182
5160
5180
5165
5164
5151
5181
5183
5154
5159
5190
5166
5163
5187
5172
5166
5169
5171
5175
5159
5164
5179
5168
5178
5161
5162
5159
5168
5185
5174
5181
5170
5176
5187
5154
5190
5181
5151
5163
5169
5152
5159
5157
5163
5190
5169
5173
5162
5150
5156
5178
5173
5153
5158
5151
5158
5184
5180
5187
5167
5150
5173
5161
5160
5185
5186
5174
5164
5187
5189
5183
5173
5154
5175
5164
5162
5161
5185
5161
5185
5170
5178
5169
5166
5170
5160
5151
5177
5176
5177
5175
5164
5182
5154
5188
5168
5180
5166
5166
5168
5179
5157
5169
5157
5155
5187
5183
5182
5164
5165
5190
5176
5171
5168
5169
5173
5184
5188
5158
5179
5179
5154
5183
5159
5190
5162
5171
5158
5162
5179
5158
5157
5158
5157
5190
5162
5172
5158
5172
5187
5168
5154
5161
5157
5174
5179
5174
5156
5152
5158
5162
5187
5180
5180
5154
5154
5189
5178
5171
5166
5183
5153
5182
5150
5160
5190
5158
5151
5181
5168
5167
5161
5180
5158
5170
5162
5151
5163
5172
5184
5176
5169
5189
5169
5164
5156
5171
5159
5166
5172
5173
5164
5161
5185
5164
5185
5158
5187
5171
5172
5190
5159
5179
5187
5183
5185
5186
5170
5161
5167
5160
5160
5150
5154
5164
5157
5152
5174
5161
5160
5171
5163
5186
5155
5172
5156
5155
5183
5171
5153
5154
5171
5190
5150
5170
5180
5175
5179
5158
5175
5158
5173
5160
5188
5180
5167
5188
5172
5177
5174
5168
5163
5169
5173
5167
5172
5176
5167
5163
5168
5153
5177
5153
5151
5156
5180
5189
5165
5153
5163
5174
5176
5169
5154
5156
5176
5159
5156
5162
5180
5170
5153
5151
5154
5165
5162
5190
5181
5159
5170
5180
5165
5166
5180
5160
5171
5161
5174
5168
5164
5174
5168
5180
5171
5169
5161
5168
5164
5166
5162
5174
5176
5175
5168
5168
5164
5169
5168
5163
5178
5179
5172
5168
5167
5169
5167
5172
5177
5161
5169
5172
5165
5163
5162
5160
5173
5176
5170
5176
5175
5165
5173
5165
5171
5169
5180
5165
5180
5174
5162
5166
5177
5174
5167
5173
5172
5176
5178
5171
5161
5176
5173
5168
5176
5175
5169
5176
5164
5166
5162
5167
5179
5176
5180
5172
5172
5167
5178
5163
5172
5174
5172
5176
5180
5178
5160
5176
5160
5170
5179
5162
5175
5161
5168
5174
5166
5174
5176
5174
5174
5163
5173
5179
5176
5161
5169
5175
5165
5180
5160
5168
5161
5174
5165
5172
5162
5169
5173
5164
5172
5169
5167
5175
5162
5177
5174
5180
5165
5169
5178
5172
5177
5168
5171
5171
5169
5179
5175
5179
5166
5165
5177
5169
5172
5176
5179
5164
5165
5169
5174
5174
5178
5160
5166
5176
5160
5176
5179
5170
5179
5164
5160
5175
5165
5173
5171
5165
5167
5171
5178
5163
5174
5160
5177
5161
5163
5160
5179
5178
5164
5178
5168
5165
5175
5177
5173
5169
5174
5168
5164
5180
5178
5178
5167
5174
5177
5166
5173
5172
5179
5178
5163
5160
5166
5160
5176
5173
5179
5172
5171
5162
5168
5174
5179
5178
5163
5178
5175
5172
5171
5172
5162
5175
5171
5166
5172
5161
5176
5166
5170
5177
5165
5161
5173
5167
5175
5164
5166
5170
5173
5172
5163
5172
5173
5160
5167
5174
5163
5167
5163
5166
5171
5164
5176
5160
5173
5173
5161
5167
5169
5171
5164
5161
5166
5165
5166
5169
5161
5160
5160
5165
5179
5174
5178
5166
5177
5180
5168
5178
5170
5170
5179
5170
5170
5165
5180
5179
5175
5161
5170
5168
5178
5179
5164
5176
5179
5165
5161
5162
5172
5173
5160
5171
5174
5180
5175
5170
5174
5163
5162
5177
5167
5173
5180
5173
5165
5180
5161
5169
5171
5170
5179
5172
5170
5172
5170
5162
5173
5176
5160
5176
5163
5168
5163
5171
5172
5169
5164
5165
5171
5176
5160
5171
5164
5169
5166
5169
5167
5173
5174
5167
5163
5162
5160
5168
5170
5170
5168
5170
5171
5161
5176
5165
5175
5170
5179
5167
5162
5162
5176
5170
5173
5172
5170
5179
5174
5165
5164
5178
5169
5163
5179
5177
5177
5163
5160
5176
5164
5174
5180
5170
5161
5174
5160
5169
5172
5176
5174
5164
5168
5166
5169
5180
5165
5161
5166
5160
5160
5162
5177
5161
5173
5180
5167
5163
5171
5172
5161
5170
5170
5167
5171
5172
5161
5166
5161
5175
5171
5161
5179
5160
5180
5180
5179
5166
5176
5167
5172
5161
5160
5179
5179
5168
5162
5170
5176
5179
5172
5174
5177
5180
5170
5169
5180
5166
5162
5173
5163
5170
5165
5178
5163
5162
5164
5177
5176
5164
5177
5162
5173
5176
5166
5167
5168
5168
5178
5163
5175
5172
5160
5174
5170
5178
5177
5164
5173
5161
5163
5172
5161
5178
5180
5177
5162
5167
5162
5175
5160
5168
5167
5179
5174
5161
5166
5164
5179
5167
5165
5163
5180
5178
5174
5166
5175
5161
5172
5176
5164
5162
5179
5164
5165
5160
5178
5171
5170
5173
5172
5172
5180
5172
5180
5163
5174
5179
5178
5178
5179
5168
5172
5167
5168
5171
5171
5180
5160
5170
5177
5164
5174
5166
5172
5168
5177
5169
5161
5175
5170
5178
5179
5176
5174
5171
5171
5168
5168
5170
5174
5177
5172
5166
5172
5174
5163
5174
5167
5162
5161
5169
5176
5180
5161
5162
5162
5160
5162
5165
5161
5177
5166
5178
5179
5170
5164
5174
5180
5165
5165
5165
5174
5161
5174
5171
5169
5160
5168
5178
5166
5164
5173
5173
5168
5171
5180
5168
5163
5162
5165
5167
