268 277
2489
2488
2501
2504
2494
2497
2493
2501
2496
2497
2504
2504
2492
2501
2498
2502
2497
2502
2497
2492
2500
2496
2500
2495
2494
2488
2503
2494
2490
2498
2488
2497
2497
2502
2494
2496
2491
2496
2499
2492
2492
2494
2489
2498
2504
2504
2498
2497
2497
2499
2500
2496
2493
2499
2495
2499
2498
2501
2490
2498
2493
2489
2495
2498
2497
2501
2497
2497
2497
2490
2491
2490
2501
2489
2491
2495
2500
2490
2504
2491
2493
2504
2492
2502
2502
2495
2499
2503
2499
2500
2492
2489
2500
2498
2496
2498
2490
2504
2498
2492
2501
2489
2503
2504
2492
2491
2493
2495
2497
2492
2501
2499
2501
2500
2493
2490
2489
2499
2494
2500
2501
2498
2496
2493
2502
2503
2501
2503
2492
2497
2494
2501
2492
2491
2504
2495
2494
2499
2501
2491
2501
2491
2501
2488
2499
2494
2498
2502
2492
2504
2491
2500
2496
2498
2491
2489
2489
2496
2501
2488
2488
2491
2495
2497
2493
2502
2500
2499
2498
2500
2492
2497
2501
2499
2488
2496
2494
2492
2497
2491
2496
2488
2503
2503
2492
2499
2501
2495
2490
2494
2491
2495
2499
2494
2504
2500
2496
2499
2493
2490
2494
2498
2498
2491
2503
2498
2504
2496
2495
2496
2494
2494
2490
2493
2500
2494
2499
2503
2504
2496
2504
2491
2493
2494
2495
2504
2488
2495
2493
2488
2497
2499
2504
2488
2493
2494
2492
2503
2500
2501
2497
2495
2489
2498
2501
2489
2503
2493
2495
2492
2490
2489
2503
2501
2497
2497
2496
2500
2499
2495
2492
2501
2504
2502
2491
2489
2493
2495
2495
2492
2503
2503
2493
2500
2504
2509
2501
2499
2505
2493
2492
2503
2510
2501
2504
2499
2501
2502
2495
2493
2501
2507
2496
2506
2493
2508
2493
2501
2506
2506
2495
2499
2507
2499
2509
2509
2504
2504
2510
2499
2499
2506
2500
2506
2507
2510
2502
2502
2507
2509
2497
2509
2505
2498
2506
2500
2510
2509
2496
2502
2495
2510
2509
2499
2492
2507
2508
2498
2498
2497
2510
2494
2508
2508
2509
2499
2506
2507
2506
2503
2500
2499
2504
2494
2503
2496
2504
2510
2498
2493
2499
2497
2505
2492
2492
2506
2497
2494
2502
2495
2510
2495
2507
2497
2506
2503
2507
2497
2507
2503
2508
2510
2503
2501
2495
2510
2500
2507
2508
2495
2500
2497
2504
2498
2508
2493
2504
2499
2507
2495
2500
2500
2501
2499
2497
2495
2502
2502
2496
2508
2507
2506
2497
2507
2502
2494
2498
2499
2499
2494
2495
2504
2500
2501
2502
2500
2503
2503
2505
2505
2501
2500
2500
2501
2502
2500
2508
2492
2507
2500
2494
2499
2508
2498
2510
2502
2510
2502
2503
2504
2508
2502
2498
2505
2500
2509
2505
2506
2497
2503
2495
2506
2497
2501
2501
2494
2492
2496
2492
2503
2500
2504
2505
2505
2502
2501
2498
2506
2506
2498
2507
2509
2503
2499
2504
2496
2499
2498
2502
2509
2507
2493
2503
2496
2506
2501
2506
2493
2493
2503
2500
2501
2496
2510
2510
2493
2499
2500
2496
2495
2496
2510
2500
2505
2494
2492
2509
2496
2502
2502
2494
2496
2495
2506
2508
2508
2503
2493
2504
2510
2503
2506
2499
2510
2496
2493
2500
2501
2492
2493
2500
2502
2508
2492
2506
