600 600
6007
6007
6007
6005
6008
6010
6007
6000
6000
6004
6000
6008
6007
6006
6003
6007
6007
6006
6000
6003
6001
6000
6009
6000
6009
6008
6009
6004
6005
6002
6004
6004
6008
6003
6000
6005
6009
6007
6006
6000
6007
6006
6008
6006
6002
6009
6000
6000
6005
6001
6008
6001
6001
6004
6006
6003
6004
6004
6001
6000
6003
6003
6004
6007
6003
6009
6002
6008
6001
6002
6005
6004
6003
6004
6008
6005
6007
6003
6010
6006
6002
6004
6007
6009
6001
6007
6001
6001
6010
6000
6000
6002
6002
6001
6007
6005
6003
6005
6007
6004
6002
6005
6010
6008
6010
6010
6008
6009
6010
6007
6010
6010
6002
6008
6003
6003
6007
6002
6001
6003
6001
6003
6004
6009
6003
6001
6001
6003
6002
6004
6008
6001
6010
6005
6002
6002
6001
6008
6003
6007
6006
6000
6006
6001
6001
6002
6009
6007
6007
6000
6006
6009
6001
6003
6004
6002
6006
6008
6003
6000
6008
6001
6008
6005
6002
6002
6008
6005
6007
6008
6010
6003
6003
6009
6010
6008
6002
6010
6005
6002
6003
6000
6010
6004
6004
6009
6000
6001
6000
6001
6003
6001
6008
6005
6003
6000
6001
6004
6004
6006
6003
6010
6004
6008
6009
6003
6006
6005
6006
6010
6002
6007
6007
6004
6005
6002
6004
6007
6002
6005
6008
6000
6006
6004
6000
6006
6005
6001
6003
6001
6007
6000
6010
6000
6000
6008
6003
6006
6007
6010
6001
6006
6010
6000
6002
6005
6001
6005
6002
6010
6003
6000
6010
6009
6010
6006
6004
6009
6006
6007
6008
6007
6001
6000
6002
6002
6002
6006
6010
6008
6003
6009
6008
6009
6002
6005
6009
6005
6007
6010
6004
6008
6001
6001
6008
6006
6000
6003
6006
6010
6009
6001
6010
6006
6005
6010
6004
6008
6005
6010
6021
6021
6027
6028
6022
6024
6024
6024
6022
6028
6026
6030
6029
6029
6029
6029
6030
6029
6027
6022
6026
6023
6020
6025
6021
6029
6022
6022
6023
6021
6027
6023
6020
6021
6023
6029
6025
6029
6029
6024
6024
6021
6027
6022
6028
6020
6022
6022
6026
6022
6021
6021
6026
6029
6024
6020
6027
6023
6021
6027
6027
6027
6028
6030
6026
6025
6021
6030
6028
6030
6026
6027
6023
6027
6020
6023
6021
6026
6028
6021
6029
6029
6029
6030
6028
6022
6028
6024
6029
6022
6023
6023
6021
6027
6023
6022
6024
6022
6020
6026
6025
6020
6025
6030
6021
6021
6028
6022
6021
6021
6026
6021
6021
6022
6020
6028
6024
6022
6028
6021
6024
6028
6026
6027
6023
6027
6028
6022
6023
6024
6028
6029
6024
6025
6028
6027
6029
6030
6026
6028
6020
6024
6028
6028
6021
6027
6022
6030
6020
6021
6021
6027
6022
6025
6024
6021
6025
6030
6023
6025
6030
6026
6025
6024
6027
6023
6027
6028
6022
6029
6023
6024
6027
6025
6030
6024
6030
6029
6020
6025
6022
6026
6022
6023
6026
6021
6020
6029
6027
6025
6020
6024
6029
6025
6026
6023
6024
6028
6024
6020
6021
6023
6022
6030
6022
6020
6025
6029
6030
6030
6024
6028
6024
6021
6021
6024
6028
6023
6022
6020
6026
6025
6029
6024
6029
6021
6021
6024
6026
6021
6022
6026
6027
6024
6025
6026
6027
6026
6022
6029
6027
6027
6024
6024
6027
6026
6029
6021
6030
6028
6024
6021
6021
6029
6024
6024
6022
6030
6022
6029
6026
6021
6020
6029
6030
6021
6026
6025
6021
6027
6026
6021
6021
6026
6029
6029
6025
6029
6026
6021
6025
6021
6022
6023
6030
6029
6023
6022
6022
6029
6024
6020
6029
6029
6030
6023
6027
6022
6030
6026
6012
6016
6018
6014
6014
6012
6016
6018
6012
6012
6018
6012
6018
6012
6012
6012
6012
6016
6012
6014
6012
6012
6012
6012
6012
6013
6018
6012
6012
6012
6013
6016
6012
6017
6012
6012
6012
6015
6012
6012
6014
6012
6015
6012
6012
6019
6012
6014
6016
6016
6012
6012
6016
6018
6012
6015
6012
6012
6018
6012
6014
6018
6016
6012
6012
6012
6012
6012
6012
6019
6016
6012
6016
6019
6012
6019
6012
6016
6012
6012
6015
6018
6012
6012
6014
6018
6012
6018
6012
6012
6019
6012
6014
6018
6012
6013
6016
6018
6014
6012
6012
6012
6012
6012
6013
6015
6012
6017
6019
6014
6014
6012
6012
6016
6016
6012
6012
6012
6017
6012
6019
6012
6012
6017
6012
6016
6018
6012
6012
6016
6012
6016
6012
6012
6012
6016
6012
6013
6014
6012
6012
6012
6016
6012
6012
6012
6016
6018
6018
6012
6012
6012
6012
6012
6019
6016
6012
6018
6012
6017
6012
6012
6016
6016
6015
6017
6012
6012
6018
6012
6016
6012
6016
6012
6012
6012
6018
6012
6014
6012
6015
6016
6018
6012
6012
6012
6012
6012
6012
6018
6012
6012
6012
6016
6016
6016
6014
6012
6016
6014
6012
6012
6012
6019
6012
6019
6015
6012
6012
6012
6018
6018
6016
6019
6017
6012
6014
6012
6016
6019
6012
6016
6012
6012
6016
6012
6012
6016
6018
6012
6019
6012
6012
6012
6019
6012
6012
6012
6012
6015
6015
6014
6012
6018
6014
6014
6014
6014
6014
6012
6012
6016
6012
6014
6015
6012
6018
6012
6014
6016
6012
6016
6016
6016
6012
6012
6014
6016
6012
6012
6012
6014
6012
6012
6012
6015
6017
6012
6012
6018
6012
6012
6018
6019
6012
6016
6014
6018
6014
6012
6012
6012
6012
6016
6012
6012
6012
6012
6012
6017
6012
6012
6018
6012
6014
6012
6012
6018
6019
6016
6012
6018
6013
6012
6013
6012
6012
6014
6012
6012
6012
6012
6016
6017
6012
6012
6016
6013
6016
6019
6016
6016
6016
6017
6018
6012
6012
6014
6012
6012
6016
6012
6018
6012
6012
6012
6015
6016
6012
6016
6012
6012
6012
6012
6013
6014
6014
6012
6016
6016
6016
6012
6012
6013
6014
6012
6012
6012
6012
6012
6012
6012
6014
6012
6019
6012
6012
6012
6014
6012
6015
6012
6019
6017
6012
6018
6016
6016
6012
6012
6012
6014
6012
6014
6016
6012
6016
6012
6016
6016
6012
6017
6016
6012
6012
6014
6016
6018
6012
6016
6016
6012
6012
6012
6012
6018
6012
6012
6012
6012
6016
6015
6012
6012
6018
6019
6012
6015
6017
6012
6014
6016
6012
6012
6012
6016
6012
6012
6012
6015
6012
6014
6012
6012
6012
6016
6016
6018
6012
6012
6016
6012
6012
6012
6014
6012
6012
6012
6018
6017
6012
6012
6012
6014
6012
6014
6012
6018
6014
6012
6014
6013
6015
6012
6016
6014
6012
6016
6012
6012
6012
6012
6012
6012
6016
6012
6012
6012
6012
6012
6012
6012
6012
6018
6012
6016
6012
6012
6012
6012
6016
6016
6012
6012
6016
6014
6014
6018
6012
6014
6012
6012
6014
6016
6012
6012
6012
6012
6018
6018
6012
6012
6018
6017
6012
6012
6019
6018
6018
6016
6018
6016
6012
6018
6012
6016
6012
6016
6013
6012
6012
6012
6016
6012
6012
6014
6016
6012
6016
6019
6012
6014
6012
6012
6012
6012
6015
6012
6012
6016
6012
6016
6014
6012
6012
6012
6012
6017
6012
6012
6012
6014
6018
6014
6012
6016
6016
6016
6012
6012
6018
6019
6012
6012
6016
6016
6012
6014
6016
6018
6012
6012
6012
6012
6012
6012
6016
6012
6018
6015
