97 95
5301
1941
8389
7681
6940
881
4065
4793
437
2933
2247
1235
8049
9276
9003
8773
5483
2717
3969
5269
7247
9349
8403
8905
33
8177
7813
4521
1809
5185
5173
6745
3019
1757
3197
2317
4939
3395
2802
8733
1501
8085
6177
6938
6889
817
357
7096
7971
1857
3009
8185
6225
6629
9197
2850
706
8985
1817
2069
1537
3425
9955
475
2553
7606
8305
4801
6137
9793
2913
3997
3258
1473
395
5161
4179
1521
7057
4727
7327
9517
1457
55
8517
6893
5369
5547
6049
6705
252
9941
1577
1109
5809
3738
4358
3569
5881
7841
1965
5625
6845
7657
8199
5761
6999
4125
1575
2233
321
9587
2217
2849
5681
8668
7857
1133
5007
9240
7788
6577
8967
7609
9103
9001
1019
9906
6593
9129
651
6573
2773
4759
596
9149
5329
899
1138
7345
6193
8585
8977
6993
8513
7299
2482
1697
4607
4329
6752
4673
1265
1389
7357
169
9073
8929
4569
3329
5480
9857
8033
1025
8045
2081
7437
4817
229
1929
3509
4307
3942
5300
1165
8583
4497
9381
9457
1833
3033
9487
2113
3977
1061
7217
8043
6337
6177
9741
4165
3163
