308 306
3178
3180
3178
3167
3168
3176
3169
3165
3169
3166
3180
3164
3166
3167
3170
3168
3176
3163
3175
3161
3165
3176
3167
3161
3179
3178
3175
3172
3172
3165
3163
3161
3175
3171
3177
3165
3178
3161
3178
3161
3170
3173
3165
3176
3166
3171
3167
3169
3166
3167
3165
3178
3163
3163
3179
3165
3160
3179
3180
3169
3179
3171
3164
3172
3163
3164
3177
3180
3161
3166
3180
3166
3177
3161
3162
3165
3163
3167
3178
3178
3175
3165
3166
3174
3161
3170
3165
3167
3166
3176
3170
3175
3168
3176
3180
3178
3160
3160
3162
3173
3162
3164
3172
3167
3180
3178
3161
3167
3170
3166
3162
3166
3166
3172
3162
3167
3171
3175
3171
3166
3178
3173
3166
3165
3169
3178
3179
3179
3160
3169
3160
3175
3175
3178
3165
3167
3163
3177
3177
3171
3172
3177
3171
3180
3160
3175
3170
3167
3172
3180
3177
3180
3173
3177
3172
3161
3176
3175
3169
3178
3178
3169
3168
3161
3173
3171
3177
3162
3166
3164
3180
3172
3174
3163
3169
3168
3167
3162
3168
3176
3177
3177
3160
3169
3164
3175
3163
3179
3171
3171
3173
3160
3172
3172
3175
3164
3177
3165
3173
3164
3174
3180
3160
3171
3173
3164
3165
3179
3166
3167
3166
3163
3160
3176
3168
3170
3164
3165
3165
3177
3163
3160
3170
3177
3179
3167
3168
3180
3160
3172
3178
3165
3180
3171
3170
3173
3160
3168
3174
3176
3167
3161
3169
3170
3163
3164
3162
3164
3180
3173
3176
3169
3171
3162
3166
3177
3180
3169
3178
3168
3164
3176
3175
3178
3160
3165
3174
3172
3174
3168
3168
3161
3172
3176
3169
3176
3163
3178
3166
3163
3169
3175
3170
3170
3162
3178
3180
3174
3169
3167
3160
3174
3175
3173
3163
3160
3176
3164
3168
3170
3167
3179
3165
3164
3171
3179
3166
3173
3171
3175
3179
3159
3167
3167
3183
3155
3155
3175
3159
3189
3187
3164
3183
3179
3159
3179
3155
3183
3171
3165
3175
3165
3175
3187
3163
3183
3163
3181
3163
3171
3175
3163
3165
3163
3159
3155
3175
3159
3179
3155
3159
3187
3159
3171
3172
3177
3181
3169
3163
3187
3171
3163
3175
3181
3163
3175
3187
3188
3179
3161
3159
3173
3163
3187
3183
3171
3165
3155
3169
3163
3175
3179
3175
3188
3159
3163
3170
3163
3167
3173
3181
3179
3171
3155
3167
3183
3179
3171
3173
3187
3175
3177
3183
3169
3156
3183
3187
3155
3175
3183
3163
3183
3169
3155
3159
3180
3187
3167
3167
3189
3187
3187
3171
3163
3181
3171
3183
3169
3175
3155
3184
3179
3167
3167
3188
3159
3167
3186
3155
3188
3171
3171
3179
3187
3181
3155
3169
3185
3183
3163
3187
3183
3175
3163
3179
3163
3187
3159
3189
3167
3169
3177
3187
3187
3175
3155
3155
3189
3175
3173
3185
3175
3155
3173
3163
3158
3171
3159
3157
3165
3165
3181
3187
3162
3167
3183
3162
3167
3163
3155
3159
3187
3163
3159
3167
3166
3162
3155
3169
3171
3165
3187
3173
3163
3175
3190
3163
3177
3183
3185
3167
3169
3171
3157
3183
3159
3163
3167
3159
3180
3163
3179
3159
3179
3187
3159
3187
3155
3167
3176
3164
3179
3179
3175
3173
3171
3173
3169
3168
3163
3159
3179
3163
3174
3156
3171
3171
3171
3171
3175
3155
3187
3171
3163
3158
3187
3155
3163
3155
3161
3187
3171
3179
3183
3166
3187
3157
3159
3189
3177
3179
3159
3155
3169
3183
3156
3160
3163
3173
3163
3185
3187
3165
3175
3157
3159
3175
3184
3157
3163
3179
3183
3163
3171
3167
3163
3163
3183
3179
3175
3163
3165
3179
3187
3179
3155
3171
3179
3187
3159
3161
3183
3161
3157
