138 135
1652
1652
1652
1648
1659
1648
1648
1656
1652
1652
1654
1650
1648
1659
1658
1652
1658
1660
1648
1652
1662
1652
1650
1656
1648
1648
1652
1656
1648
1648
1652
1656
1658
1660
1660
1660
1658
1650
1649
1660
1660
1652
1648
1657
1656
1648
1652
1655
1650
1648
1648
1656
1648
1652
1660
1649
1649
1656
1656
1652
1648
1648
1650
1658
1656
1653
1648
1648
1656
1648
1648
1660
1657
1648
1658
1656
1650
1648
1648
1654
1662
1660
1648
1654
1652
1660
1656
1658
1648
1648
1659
1652
1656
1652
1648
1657
1653
1648
1656
1648
1660
1656
1660
1656
1654
1648
1654
1660
1654
1656
1648
1650
1656
1648
1648
1659
1648
1660
1662
1655
1659
1648
1654
1656
1662
1656
1658
1649
1648
1656
1658
1660
1652
1654
1651
1660
1648
1650
1655
1645
1655
1645
1655
1642
1653
1648
1652
1656
1646
1658
1645
1654
1650
1652
1645
1643
1643
1650
1655
1642
1642
1645
1649
1651
1647
1656
1654
1653
1652
1654
1646
1651
1655
1653
1642
1650
1648
1646
1651
1645
1650
1642
1657
1657
1646
1653
1655
1649
1644
1648
1645
1649
1653
1648
1658
1654
1650
1653
1647
1644
1648
1652
1652
1645
1657
1652
1658
1650
1649
1650
1648
1648
1644
1647
1654
1648
1653
1657
1658
1650
1658
1645
1647
1648
1649
1658
1642
1649
1647
1642
1651
1653
1658
1642
1647
1648
1646
1657
1654
1655
1651
1649
1643
1652
1655
1643
1657
1647
1649
1646
1644
1643
1657
1655
1651
1651
1650
1654
1653
1649
1646
1655
1658
1656
1645
1643
1647
1649
1654
1643
1651
1646
1649
