498 511
4321
4326
4324
4331
4335
4331
4330
4323
4327
4333
4332
4325
4324
4331
4328
4323
4328
4327
4324
4334
4332
4334
4328
4325
4328
4327
4333
4321
4324
4335
4333
4325
4324
4332
4332
4332
4324
4325
4327
4328
4331
4325
4332
4328
4324
4332
4322
4321
4321
4322
4329
4330
4330
4324
4322
4335
4321
4325
4332
4324
4322
4335
4325
4330
4333
4331
4335
4326
4322
4333
4323
4327
4323
4328
4335
4326
4324
4331
4327
4327
4327
4332
4327
4335
4322
4328
4329
4322
4324
4325
4322
4321
4332
4334
4329
4333
4333
4324
4326
4331
4335
4325
4330
4322
4329
4321
4334
4325
4325
4333
4326
4327
4327
4324
4326
4328
4332
4333
4332
4330
4333
4322
4327
4329
4333
4321
4334
4331
4333
4324
4321
4333
4333
4324
4326
4334
4324
4329
4323
4335
4333
4335
4332
4323
4333
4324
4322
4322
4327
4329
4332
4323
4325
4329
4327
4334
4328
4324
4324
4324
4330
4327
4323
4325
4325
4326
4332
4332
4324
4334
4329
4327
4332
4330
4330
4323
4322
4326
4332
4328
4323
4332
4333
4327
4331
4327
4333
4322
4332
4326
4325
4333
4324
4330
4321
4325
4326
4323
4331
4334
4323
4323
4333
4326
4325
4328
4332
4325
4327
4325
4333
4321
4324
4334
4332
4322
4322
4335
4326
4335
4330
4330
4334
4323
4334
4325
4329
4323
4333
4324
4330
4323
4332
4323
4322
4325
4330
4326
4326
4331
4334
4322
4333
4328
4321
4331
4335
4334
4326
4331
4328
4327
4335
4323
4321
4326
4326
4333
4324
4329
4334
4331
4327
4327
4333
4329
4326
4327
4323
4326
4335
4325
4330
4334
4327
4334
4327
4324
4324
4333
4333
4324
4328
4328
4335
4330
4326
4335
4321
4325
4321
4332
4327
4322
4327
4321
4334
4322
4323
4322
4325
4328
4332
4334
4323
4334
4330
4325
4328
4323
4324
4328
4321
4327
4334
4324
4327
4332
4331
4325
4323
4330
4331
4327
4328
4324
4324
4334
4328
4328
4326
4334
4335
4329
4326
4331
4332
4335
4326
4328
4332
4332
4334
4326
4334
4327
4323
4322
4324
4333
4325
4335
4328
4325
4323
4325
4335
4323
4332
4332
4328
4326
4332
4332
4323
4335
4323
4333
4321
4330
4334
4327
4323
4332
4322
4328
4331
4330
4332
4323
4329
4324
4332
4330
4328
4332
4327
4326
4321
4330
4335
4324
4322
4333
4333
4334
4324
4331
4324
4335
4332
4328
4334
4332
4322
4334
4329
4333
4326
4334
4335
4334
4326
4333
4331
4322
4329
4330
4330
4331
4335
4329
4322
4332
4326
4325
4328
4326
4332
4324
4332
4327
4324
4327
4330
4334
4327
4322
4330
4330
4331
4322
4324
4329
4323
4324
4329
4333
4328
4332
4329
4334
4335
4329
4333
4323
4329
4331
4328
4330
4323
4334
4332
4335
4326
4330
4321
4325
4326
4321
4321
4332
4324
4333
4326
4324
4325
4322
4332
4331
4322
4335
4335
4322
4333
4334
4325
4333
4335
4333
4331
4326
4332
4334
4321
4332
4328
4327
4338
4346
4337
4344
4339
4338
4338
4347
4350
4349
4349
4336
4348
4344
4349
4338
4340
4349
4344
4348
4337
4349
4344
4342
4337
4342
4338
4343
4344
4336
4348
4336
4348
4342
4348
4350
4336
4346
4342
4344
4346
4350
4337
4348
4350
4337
4340
4337
4337
4346
4337
4341
4339
4338
4340
4338
4336
4338
4348
4341
4345
4336
4341
4337
4339
4343
4341
4338
4350
4346
4340
4349
4339
4343
4336
4338
4337
4349
4341
4341
4339
4341
4336
4338
4337
4338
4341
4340
4338
4341
4350
4341
4345
4349
4341
4346
4339
4338
4350
4340
4348
4347
4338
4340
4336
4341
4336
4336
4343
4348
4341
4340
4339
4340
4336
4350
4340
4339
4336
4350
4336
4338
4345
4346
4337
4343
4346
4345
4344
4337
4350
4341
4348
4338
4350
4341
4341
4347
4339
4350
4350
4346
4349
4339
4349
4348
4350
4343
4337
4340
4347
4340
4336
4342
4346
4343
4339
4338
4343
4343
4337
4344
4345
4348
4340
4348
4339
4345
4350
4348
4349
4344
4336
4339
4340
4348
4346
4340
4338
4348
4343
4347
4347
4345
4350
4343
4350
4344
4348
4340
4346
4346
4343
4342
4345
4344
4344
4342
4347
4346
4341
4344
4339
4344
4345
4346
4340
4345
4342
4346
4348
4338
4350
4347
4338
4347
4336
4339
4339
4347
4341
4341
4347
4339
4349
4348
4346
4342
4338
4347
4342
4345
4340
4337
4340
4344
4348
4350
4344
4342
4342
4348
4340
4345
4337
4337
4337
4337
4349
4339
4342
4341
4340
4341
4341
4349
4341
4342
4345
4341
4345
4338
4343
4345
4345
4340
4345
4343
4345
4344
4341
4348
4347
4343
4336
4341
4347
4340
4350
4345
4345
4340
4347
4341
4339
4340
4348
4337
4345
4339
4348
4339
4336
4340
4349
4343
4336
4350
4341
4344
4350
4340
4336
4348
4345
4339
4339
4347
4342
4350
4339
4341
4345
4348
4346
4340
4336
4340
4350
4341
4343
4340
4346
4345
4346
4339
4337
4337
4348
4345
4342
4337
4339
4343
4347
4342
4337
4339
4342
4341
4346
4346
4339
4343
4343
4349
4349
4345
4350
4343
4349
4342
4338
4342
4348
4343
4348
4336
4350
4337
4341
4348
4348
4344
4341
4338
4339
4346
4349
4343
4349
4346
4341
4347
4349
4336
4337
4346
4347
4336
4343
4346
4343
4337
4350
4340
4341
4345
4349
4336
4350
4341
4338
4336
4340
4344
4342
4347
4350
4343
4340
4344
4343
4338
4347
4346
4342
4347
4346
4340
4336
4337
4339
4337
4338
4340
4340
4348
4337
4342
4344
4342
4338
4336
4339
4346
4341
4338
4340
4336
4341
4340
4345
4336
4336
4346
4349
4347
4343
4339
4344
4342
4338
4346
4349
4341
4340
4347
4349
4349
4338
4336
4343
4337
4337
4344
4347
4343
4343
4340
4336
4340
4343
4347
4338
4337
4339
4342
4345
4346
4347
4341
4348
4348
4340
4337
4344
4347
4343
4340
4350
4339
4348
4348
4346
4341
4349
4341
4342
4345
4341
4338
4340
4342
4336
4345
4350
4341
4337
4337
4347
4340
4348
4338
4348
4343
4340
4340
4343
4341
4339
